 gmid0.5         ft0.5          
 2.46023601e+01  8.66219317e+01 
 2.49047849e+01  1.13271482e+02 
 2.51650239e+01  1.48240946e+02 
 2.53907352e+01  1.94161098e+02 
 2.55882977e+01  2.54504025e+02 
 2.57629639e+01  3.33854922e+02 
 2.59190136e+01  4.38272504e+02 
 2.60599074e+01  5.75767158e+02 
 2.61884287e+01  7.56935620e+02 
 2.63068061e+01  9.95803832e+02 
 2.64168198e+01  1.31094678e+03 
 2.65198878e+01  1.72697706e+03 
 2.66171399e+01  2.27652443e+03 
 2.67094750e+01  3.00286961e+03 
 2.67976102e+01  3.96344994e+03 
 2.68821179e+01  5.23452776e+03 
 2.69634564e+01  6.91740956e+03 
 2.70419944e+01  9.14673477e+03 
 2.71180295e+01  1.21015272e+04 
 2.71918033e+01  1.60199362e+04 
 2.72635134e+01  2.12189063e+04 
 2.73333223e+01  2.81204346e+04 
 2.74013647e+01  3.72866326e+04 
 2.74677531e+01  4.94665632e+04 
 2.75325819e+01  6.56588272e+04 
 2.75959305e+01  8.71952206e+04 
 2.76578660e+01  1.15852587e+05 
 2.77184443e+01  1.54002404e+05 
 2.77777115e+01  2.04810870e+05 
 2.78357040e+01  2.72506580e+05 
 2.78924482e+01  3.62738625e+05 
 2.79479597e+01  4.83055648e+05 
 2.80022419e+01  6.43546571e+05 
 2.80552829e+01  8.57697220e+05 
 2.81070522e+01  1.14353486e+06 
 2.81574956e+01  1.52515593e+06 
 2.82065280e+01  2.03476230e+06 
 2.82540239e+01  2.71536986e+06 
 2.82998048e+01  3.62440116e+06 
 2.83436223e+01  4.83843153e+06 
 2.83851346e+01  6.45942482e+06 
 2.84238772e+01  8.62286374e+06 
 2.84592219e+01  1.15082387e+07 
 2.84903250e+01  1.53523801e+07 
 2.85160575e+01  2.04660524e+07 
 2.85349167e+01  2.72539876e+07 
 2.85449115e+01  3.62379945e+07 
 2.85434196e+01  4.80817418e+07 
 2.85270130e+01  6.36140993e+07 
 2.84912542e+01  8.38453935e+07 
 2.84304745e+01  1.09967835e+08 
 2.83375609e+01  1.43328662e+08 
 2.82038072e+01  1.85364350e+08 
 2.80189180e+01  2.37489738e+08 
 2.77712957e+01  3.00949767e+08 
 2.74487587e+01  3.76662107e+08 
 2.70398033e+01  4.65097056e+08 
 2.65353793e+01  5.66241505e+08 
 2.59309050e+01  6.79667351e+08 
 2.52279879e+01  8.04681358e+08 
 2.44352214e+01  9.40500183e+08 
 2.35676442e+01  1.08639273e+09 
 2.26449277e+01  1.24175867e+09 
 2.16888240e+01  1.40614476e+09 
 2.07206073e+01  1.57922017e+09 
 1.97590979e+01  1.76073484e+09 
 1.88195270e+01  1.95047829e+09 
 1.79131977e+01  2.14824702e+09 
 1.70477197e+01  2.35382301e+09 
 1.62275638e+01  2.56696159e+09 
 1.54547284e+01  2.78738649e+09 
 1.47293845e+01  3.01478960e+09 
 1.40504324e+01  3.24883340e+09 
 1.34159449e+01  3.48915474e+09 
 1.28235030e+01  3.73536920e+09 
 1.22704385e+01  3.98707539e+09 
 1.17540021e+01  4.24385898e+09 
 1.12714752e+01  4.50529638e+09 
 1.08202411e+01  4.77095799e+09 
 1.03978266e+01  5.04041107e+09 
 1.00019234e+01  5.31322219e+09 
 9.63039671e+00  5.58895949e+09 
 9.28128416e+00  5.86719455e+09 
 8.95278995e+00  6.14750408e+09 
 8.64327554e+00  6.42947147e+09 
 8.35124873e+00  6.71268804e+09 
 8.07535209e+00  6.99675430e+09 
 7.81435147e+00  7.28128094e+09 
 7.56712480e+00  7.56588979e+09 
 7.33265168e+00  7.85021467e+09 
 7.11000359e+00  8.13390208e+09 
 6.89833499e+00  8.41661186e+09 
 6.69687519e+00  8.69801773e+09 
 6.50492100e+00  8.97780776e+09 
 6.32183006e+00  9.25568472e+09 
 6.14701493e+00  9.53136641e+09 
 5.97993771e+00  9.80458585e+09 
 5.82010521e+00  1.00750914e+10 
 5.66706471e+00  1.03426470e+10 
 5.52040007e+00  1.06070318e+10 
 5.37972827e+00  1.08680405e+10 
 5.24469634e+00  1.11254830e+10 
 5.11497857e+00  1.13791840e+10 
 4.99027400e+00  1.16289834e+10 
 4.87030423e+00  1.18747352e+10 
 4.75481134e+00  1.21163078e+10 
 4.64355615e+00  1.23535831e+10 
 4.53631650e+00  1.25864567e+10 
 4.43288586e+00  1.28148368e+10 
 4.33307194e+00  1.30386440e+10 
 4.23669552e+00  1.32578108e+10 
 4.14358934e+00  1.34722812e+10 
 4.05359714e+00  1.36820099e+10 
 3.96657272e+00  1.38869619e+10 
 3.88237918e+00  1.40871120e+10 
 3.80088816e+00  1.42824441e+10 
 3.72197915e+00  1.44729509e+10 
 3.64553892e+00  1.46586330e+10 
 3.57146094e+00  1.48394988e+10 
 3.49964487e+00  1.50155634e+10 
 3.42999613e+00  1.51868487e+10 
 3.36242542e+00  1.53533827e+10 
 3.29684840e+00  1.55151985e+10 
 3.23318529e+00  1.56723348e+10 
 3.17136059e+00  1.58248346e+10 
 3.11130273e+00  1.59727453e+10 
 3.05294385e+00  1.61161178e+10 
 2.99621953e+00  1.62550067e+10 
 2.94106855e+00  1.63894696e+10 
 2.88743271e+00  1.65195666e+10 
 2.83525662e+00  1.66453602e+10 
 2.78448751e+00  1.67669152e+10 
 2.73507509e+00  1.68842978e+10 
 2.68697139e+00  1.69975760e+10 
 2.64013062e+00  1.71068187e+10 
 2.59450904e+00  1.72120961e+10 
 2.55006483e+00  1.73134790e+10 
 2.50675802e+00  1.74110389e+10 
 2.46455032e+00  1.75048476e+10 
 2.42340510e+00  1.75949771e+10 
 2.38328724e+00  1.76814996e+10 
 2.34416308e+00  1.77644871e+10 
 2.30600036e+00  1.78440114e+10 
 2.26876808e+00  1.79201441e+10 
 2.23243652e+00  1.79929563e+10 
 2.19697711e+00  1.80625184e+10 
 2.16236242e+00  1.81289005e+10 
 2.12856606e+00  1.81921717e+10 
 2.09556267e+00  1.82524007e+10 
 2.06332784e+00  1.83096550e+10 
 2.03183810e+00  1.83640015e+10 
 2.00107083e+00  1.84155061e+10 
 1.97100427e+00  1.84642337e+10 
 1.94161745e+00  1.85102482e+10 
 1.91289016e+00  1.85536126e+10 
 1.88480292e+00  1.85943887e+10 
 1.85733696e+00  1.86326373e+10 
 1.83047416e+00  1.86684183e+10 
 1.80419705e+00  1.87017902e+10 
 1.77848878e+00  1.87328105e+10 
 1.75333307e+00  1.87615358e+10 
 1.72871421e+00  1.87880213e+10 
 1.70461704e+00  1.88123214e+10 
 1.68102691e+00  1.88344890e+10 
 1.65792966e+00  1.88545763e+10 
 1.63531162e+00  1.88726343e+10 
 1.61315957e+00  1.88887127e+10 
 1.59146073e+00  1.89028603e+10 
 1.57020276e+00  1.89151249e+10 
 1.54937370e+00  1.89255532e+10 
 1.52896199e+00  1.89341907e+10 
 1.50895647e+00  1.89410821e+10 
 1.48934631e+00  1.89462710e+10 
 1.47012105e+00  1.89498001e+10 
 1.45127055e+00  1.89517108e+10 
 1.43278500e+00  1.89520440e+10 
 1.41465491e+00  1.89508392e+10 
 1.39687107e+00  1.89481354e+10 
 1.37942458e+00  1.89439704e+10 
 1.36230680e+00  1.89383811e+10 
 1.34550937e+00  1.89314037e+10 
 1.32902419e+00  1.89230735e+10 
 1.31284339e+00  1.89134247e+10 
 1.29695937e+00  1.89024911e+10 
 1.28136473e+00  1.88903054e+10 
 1.26605232e+00  1.88768996e+10 
 1.25101520e+00  1.88623048e+10 
 1.23624662e+00  1.88465515e+10 
 1.22174005e+00  1.88296695e+10 
 1.20748916e+00  1.88116877e+10 
 1.19348778e+00  1.87926344e+10 
 1.17972995e+00  1.87725372e+10 
 1.16620987e+00  1.87514229e+10 
 1.15292191e+00  1.87293180e+10 
 1.13986060e+00  1.87062479e+10 
 1.12702065e+00  1.86822376e+10 
 1.11439688e+00  1.86573116e+10 
 1.10198430e+00  1.86314935e+10 
 1.08977804e+00  1.86048067e+10 
 1.07777338e+00  1.85772736e+10 
 1.06596572e+00  1.85489164e+10 
 1.05435058e+00  1.85197565e+10 
 1.04292365e+00  1.84898149e+10 
 1.03168069e+00  1.84591122e+10 
 1.02061759e+00  1.84276683e+10 
 1.00973038e+00  1.83955026e+10 
 9.99015174e-01  1.83626342e+10 
 9.88468190e-01  1.83290815e+10 
 9.78085759e-01  1.82948627e+10 
 9.67864309e-01  1.82599954e+10 
 9.57800361e-01  1.82244967e+10 
 9.47890532e-01  1.81883835e+10 
 9.38131529e-01  1.81516720e+10 
 9.28520145e-01  1.81143784e+10 
 9.19053258e-01  1.80765180e+10 
 9.09727828e-01  1.80381062e+10 
 9.00540895e-01  1.79991577e+10 
 8.91489576e-01  1.79596870e+10 
 8.82571062e-01  1.79197081e+10 
 8.73782618e-01  1.78792350e+10 
 8.65121578e-01  1.78382808e+10 
 8.56585344e-01  1.77968589e+10 
 8.48171384e-01  1.77549818e+10 
 8.39877232e-01  1.77126622e+10 
 8.31700481e-01  1.76699121e+10 
 8.23638787e-01  1.76267435e+10 
 8.15689865e-01  1.75831679e+10 
 8.07851483e-01  1.75391966e+10 
 8.00121468e-01  1.74948406e+10 
 7.92497700e-01  1.74501108e+10 
 7.84978109e-01  1.74050176e+10 
 7.77560678e-01  1.73595712e+10 
 7.70243438e-01  1.73137817e+10 
 7.63024466e-01  1.72676589e+10 
 7.55901888e-01  1.72212123e+10 
 7.48873873e-01  1.71744511e+10 
 7.41938636e-01  1.71273845e+10 
 7.35094431e-01  1.70800214e+10 
 7.28339557e-01  1.70323704e+10 
 7.21672351e-01  1.69844399e+10 
 7.15091188e-01  1.69362382e+10 
 7.08594483e-01  1.68877734e+10 
 7.02180687e-01  1.68390534e+10 
 6.95848287e-01  1.67900857e+10 
 6.89595806e-01  1.67408780e+10 
 6.83421797e-01  1.66914375e+10 
 6.77324851e-01  1.66417715e+10 
 6.71303587e-01  1.65918869e+10 
 6.65356659e-01  1.65417904e+10 
 6.59482747e-01  1.64914889e+10 
 6.53680565e-01  1.64409888e+10 
 6.47948852e-01  1.63902965e+10 
 6.42286378e-01  1.63394182e+10 
 6.36691938e-01  1.62883599e+10 
 6.31164355e-01  1.62371276e+10 
 6.25702478e-01  1.61857272e+10 
 6.20305179e-01  1.61341642e+10 
 6.14971357e-01  1.60824442e+10 
 6.09699935e-01  1.60305727e+10 
 6.04489856e-01  1.59785548e+10 
 5.99340089e-01  1.59263958e+10 
 5.94249625e-01  1.58741008e+10 
 5.89217474e-01  1.58216746e+10 
 5.84242670e-01  1.57691221e+10 
 5.79324264e-01  1.57164481e+10 
 5.74461331e-01  1.56636571e+10 
 5.69652961e-01  1.56107536e+10 
 5.64898268e-01  1.55577421e+10 
 5.60196379e-01  1.55046268e+10 
 5.55546444e-01  1.54514121e+10 
 5.50947627e-01  1.53981019e+10 
 5.46399111e-01  1.53447004e+10 
 5.41900094e-01  1.52912116e+10 
 5.37449794e-01  1.52376392e+10 
 5.33047440e-01  1.51839870e+10 
 5.28692280e-01  1.51302588e+10 
 5.24383575e-01  1.50764581e+10 
 5.20120603e-01  1.50225885e+10 
 5.15902656e-01  1.49686535e+10 
 5.11729037e-01  1.49146565e+10 
 5.07599067e-01  1.48606007e+10 
 5.03512077e-01  1.48064894e+10 
 4.99467414e-01  1.47523258e+10 
 4.95464436e-01  1.46981130e+10 
 4.91502514e-01  1.46438541e+10 
 4.87581031e-01  1.45895520e+10 
 4.83699381e-01  1.45352096e+10 
 4.79856973e-01  1.44808299e+10 
 4.76053223e-01  1.44264155e+10 
 4.72287561e-01  1.43719693e+10 
 4.68559427e-01  1.43174940e+10 
 4.64868272e-01  1.42629921e+10 
 4.61213557e-01  1.42084662e+10 
 4.57594753e-01  1.41539190e+10 
 4.54011340e-01  1.40993527e+10 
 4.50462811e-01  1.40447700e+10 
 4.46948664e-01  1.39901730e+10 
 4.43468410e-01  1.39355643e+10 
 4.40021567e-01  1.38809460e+10 
 4.36607663e-01  1.38263204e+10 
 4.33226233e-01  1.37716897e+10 
 gmid1           ft1            
 2.47870058e+01  2.04694014e+01 
 2.52440700e+01  2.69300189e+01 
 2.56216258e+01  3.54526753e+01 
 2.59341933e+01  4.67022048e+01 
 2.61942470e+01  6.15597965e+01 
 2.64122293e+01  8.11940094e+01 
 2.65967168e+01  1.07155283e+02 
 2.67546505e+01  1.41501774e+02 
 2.68915867e+01  1.86966972e+02 
 2.70119340e+01  2.47183078e+02 
 2.71191686e+01  3.26978803e+02 
 2.72160173e+01  4.32776571e+02 
 2.73046115e+01  5.73122521e+02 
 2.73866123e+01  7.59394000e+02 
 2.74633113e+01  1.00674437e+03 
 2.75357120e+01  1.33536523e+03 
 2.76045934e+01  1.77217339e+03 
 2.76705602e+01  2.35306637e+03 
 2.77340817e+01  3.12593907e+03 
 2.77955229e+01  4.15472021e+03 
 2.78551677e+01  5.52477490e+03 
 2.79132374e+01  7.35013835e+03 
 2.79699046e+01  9.78320448e+03 
 2.80253039e+01  1.30277065e+04 
 2.80795402e+01  1.73561127e+04 
 2.81326943e+01  2.31329456e+04 
 2.81848278e+01  3.08460470e+04 
 2.82359855e+01  4.11485031e+04 
 2.82861974e+01  5.49148696e+04 
 2.83354795e+01  7.33165728e+04 
 2.83838331e+01  9.79230121e+04 
 2.84312433e+01  1.30837086e+05 
 2.84776765e+01  1.74876767e+05 
 2.85230754e+01  2.33818168e+05 
 2.85673532e+01  3.12720542e+05 
 2.86103843e+01  4.18360058e+05 
 2.86519926e+01  5.59807351e+05 
 2.86919350e+01  7.49193812e+05 
 2.87298790e+01  1.00272346e+06 
 2.87653738e+01  1.34200016e+06 
 2.87978104e+01  1.79575255e+06 
 2.88263695e+01  2.40204679e+06 
 2.88499522e+01  3.21107426e+06 
 2.88670899e+01  4.28857258e+06 
 2.88758259e+01  5.71986576e+06 
 2.88735660e+01  7.61435977e+06 
 2.88568903e+01  1.01100690e+07 
 2.88213268e+01  1.33773453e+07 
 2.87610940e+01  1.76204466e+07 
 2.86688369e+01  2.30750355e+07 
 2.85354108e+01  2.99994416e+07 
 2.83498156e+01  3.86580657e+07 
 2.80994343e+01  4.92971839e+07 
 2.77707711e+01  6.21166495e+07 
 2.73508531e+01  7.72444555e+07 
 2.68292913e+01  9.47224967e+07 
 2.62006838e+01  1.14509150e+08 
 2.54666927e+01  1.36498018e+08 
 2.46369993e+01  1.60545935e+08 
 2.37286218e+01  1.86500903e+08 
 2.27637053e+01  2.14222914e+08 
 2.17664790e+01  2.43595055e+08 
 2.07602904e+01  2.74526123e+08 
 1.97654074e+01  3.06947738e+08 
 1.87978493e+01  3.40808939e+08 
 1.78691420e+01  3.76070407e+08 
 1.69867038e+01  4.12699513e+08 
 1.61545539e+01  4.50666598e+08 
 1.53741059e+01  4.89942485e+08 
 1.46449045e+01  5.30497000e+08 
 1.39652411e+01  5.72298221e+08 
 1.33326302e+01  6.15312223e+08 
 1.27441602e+01  6.59503123e+08 
 1.21967397e+01  7.04833285e+08 
 1.16872628e+01  7.51263606e+08 
 1.12127148e+01  7.98753817e+08 
 1.07702351e+01  8.47262774e+08 
 1.03571520e+01  8.96748727e+08 
 9.97099605e+00  9.47169547e+08 
 9.60950251e+00  9.98482920e+08 
 9.27060474e+00  1.05064651e+09 
 8.95242349e+00  1.10361811e+09 
 8.65325369e+00  1.15735569e+09 
 8.37155029e+00  1.21181756e+09 
 8.10591402e+00  1.26696237e+09 
 7.85507770e+00  1.32274917e+09 
 7.61789334e+00  1.37913750e+09 
 7.39332023e+00  1.43608731e+09 
 7.18041404e+00  1.49355909e+09 
 6.97831699e+00  1.55151379e+09 
 6.78624894e+00  1.60991289e+09 
 6.60349945e+00  1.66871837e+09 
 6.42942069e+00  1.72789270e+09 
 6.26342103e+00  1.78739885e+09 
 6.10495945e+00  1.84720032e+09 
 5.95354044e+00  1.90726107e+09 
 5.80870956e+00  1.96754556e+09 
 5.67004940e+00  2.02801873e+09 
 5.53717604e+00  2.08864600e+09 
 5.40973584e+00  2.14939326e+09 
 5.28740263e+00  2.21022689e+09 
 5.16987516e+00  2.27111373e+09 
 5.05687481e+00  2.33202108e+09 
 4.94814360e+00  2.39291672e+09 
 4.84344230e+00  2.45376891e+09 
 4.74254884e+00  2.51454638e+09 
 4.64525683e+00  2.57521831e+09 
 4.55137422e+00  2.63575442e+09 
 4.46072209e+00  2.69612487e+09 
 4.37313360e+00  2.75630033e+09 
 4.28845299e+00  2.81625199e+09 
 4.20653470e+00  2.87595154e+09 
 4.12724257e+00  2.93537119e+09 
 4.05044911e+00  2.99448368e+09 
 3.97603482e+00  3.05326232e+09 
 3.90388764e+00  3.11168095e+09 
 3.83390232e+00  3.16971398e+09 
 3.76597998e+00  3.22733640e+09 
 3.70002763e+00  3.28452381e+09 
 3.63595774e+00  3.34125240e+09 
 3.57368789e+00  3.39749897e+09 
 3.51314036e+00  3.45324097e+09 
 3.45424185e+00  3.50845647e+09 
 3.39692317e+00  3.56312419e+09 
 3.34111898e+00  3.61722355e+09 
 3.28676749e+00  3.67073461e+09 
 3.23381028e+00  3.72363812e+09 
 3.18219204e+00  3.77591553e+09 
 3.13186041e+00  3.82754900e+09 
 3.08276576e+00  3.87852138e+09 
 3.03486106e+00  3.92881627e+09 
 2.98810165e+00  3.97841795e+09 
 2.94244519e+00  4.02731147e+09 
 2.89785142e+00  4.07548258e+09 
 2.85428212e+00  4.12291779e+09 
 2.81170093e+00  4.16960433e+09 
 2.77007327e+00  4.21553017e+09 
 2.72936623e+00  4.26068401e+09 
 2.68954847e+00  4.30505532e+09 
 2.65059013e+00  4.34863425e+09 
 2.61246275e+00  4.39141172e+09 
 2.57513919e+00  4.43337934e+09 
 2.53859354e+00  4.47452948e+09 
 2.50280108e+00  4.51485518e+09 
 2.46773821e+00  4.55435021e+09 
 2.43338234e+00  4.59300901e+09 
 2.39971193e+00  4.63082672e+09 
 2.36670632e+00  4.66779916e+09 
 2.33434578e+00  4.70392278e+09 
 2.30261140e+00  4.73919472e+09 
 2.27148509e+00  4.77361271e+09 
 2.24094947e+00  4.80717515e+09 
 2.21098792e+00  4.83988101e+09 
 2.18158448e+00  4.87172987e+09 
 2.15272384e+00  4.90272189e+09 
 2.12439128e+00  4.93285776e+09 
 2.09657269e+00  4.96213876e+09 
 2.06925448e+00  4.99056666e+09 
 2.04242360e+00  5.01814375e+09 
 2.01606749e+00  5.04487283e+09 
 1.99017408e+00  5.07075715e+09 
 1.96473171e+00  5.09580043e+09 
 1.93972919e+00  5.12000683e+09 
 1.91515571e+00  5.14338092e+09 
 1.89100084e+00  5.16592768e+09 
 1.86725455e+00  5.18765248e+09 
 1.84390712e+00  5.20856105e+09 
 1.82094920e+00  5.22865947e+09 
 1.79837174e+00  5.24795415e+09 
 1.77616599e+00  5.26645182e+09 
 1.75432350e+00  5.28415950e+09 
 1.73283610e+00  5.30108449e+09 
 1.71169587e+00  5.31723436e+09 
 1.69089516e+00  5.33261691e+09 
 1.67042654e+00  5.34724019e+09 
 1.65028283e+00  5.36111244e+09 
 1.63045705e+00  5.37424212e+09 
 1.61094245e+00  5.38663786e+09 
 1.59173248e+00  5.39830846e+09 
 1.57282078e+00  5.40926288e+09 
 1.55420116e+00  5.41951021e+09 
 1.53586763e+00  5.42905967e+09 
 1.51781436e+00  5.43792060e+09 
 1.50003569e+00  5.44610242e+09 
 1.48252611e+00  5.45361465e+09 
 1.46528027e+00  5.46046690e+09 
 1.44829294e+00  5.46666881e+09 
 1.43155906e+00  5.47223010e+09 
 1.41507370e+00  5.47716052e+09 
 1.39883203e+00  5.48146986e+09 
 1.38282938e+00  5.48516792e+09 
 1.36706117e+00  5.48826452e+09 
 1.35152296e+00  5.49076949e+09 
 1.33621041e+00  5.49269265e+09 
 1.32111929e+00  5.49404379e+09 
 1.30624546e+00  5.49483270e+09 
 1.29158489e+00  5.49506915e+09 
 1.27713366e+00  5.49476284e+09 
 1.26288792e+00  5.49392347e+09 
 1.24884392e+00  5.49256066e+09 
 1.23499799e+00  5.49068400e+09 
 1.22134657e+00  5.48830299e+09 
 1.20788615e+00  5.48542711e+09 
 1.19461332e+00  5.48206573e+09 
 1.18152473e+00  5.47822817e+09 
 1.16861711e+00  5.47392366e+09 
 1.15588727e+00  5.46916135e+09 
 1.14333209e+00  5.46395032e+09 
 1.13094851e+00  5.45829954e+09 
 1.11873353e+00  5.45221791e+09 
 1.10668423e+00  5.44571421e+09 
 1.09479774e+00  5.43879714e+09 
 1.08307126e+00  5.43147530e+09 
 1.07150204e+00  5.42375719e+09 
 1.06008739e+00  5.41565120e+09 
 1.04882467e+00  5.40716561e+09 
 1.03771131e+00  5.39830861e+09 
 1.02674477e+00  5.38908828e+09 
 1.01592259e+00  5.37951257e+09 
 1.00524234e+00  5.36958935e+09 
 9.94701634e-01  5.35932636e+09 
 9.84298149e-01  5.34873124e+09 
 9.74029599e-01  5.33781150e+09 
 9.63893746e-01  5.32657456e+09 
 9.53888395e-01  5.31502773e+09 
 9.44011396e-01  5.30317818e+09 
 9.34260639e-01  5.29103300e+09 
 9.24634055e-01  5.27859915e+09 
 9.15129616e-01  5.26588349e+09 
 9.05745331e-01  5.25289275e+09 
 8.96479251e-01  5.23963357e+09 
 8.87329461e-01  5.22611248e+09 
 8.78294083e-01  5.21233588e+09 
 8.69371275e-01  5.19831008e+09 
 8.60559230e-01  5.18404129e+09 
 8.51856175e-01  5.16953558e+09 
 8.43260371e-01  5.15479894e+09 
 8.34770109e-01  5.13983726e+09 
 8.26383716e-01  5.12465631e+09 
 8.18099545e-01  5.10926175e+09 
 8.09915984e-01  5.09365917e+09 
 8.01831449e-01  5.07785404e+09 
 7.93844386e-01  5.06185171e+09 
 7.85953267e-01  5.04565748e+09 
 7.78156596e-01  5.02927650e+09 
 7.70452902e-01  5.01271387e+09 
 7.62840740e-01  4.99597456e+09 
 7.55318693e-01  4.97906347e+09 
 7.47885371e-01  4.96198540e+09 
 7.40539406e-01  4.94474506e+09 
 7.33279456e-01  4.92734707e+09 
 7.26104204e-01  4.90979596e+09 
 7.19012356e-01  4.89209617e+09 
 7.12002642e-01  4.87425207e+09 
 7.05073814e-01  4.85626793e+09 
 6.98224646e-01  4.83814795e+09 
 6.91453934e-01  4.81989624e+09 
 6.84760497e-01  4.80151683e+09 
 6.78143174e-01  4.78301368e+09 
 6.71600823e-01  4.76439066e+09 
 6.65132325e-01  4.74565158e+09 
 6.58736578e-01  4.72680015e+09 
 6.52412502e-01  4.70784005e+09 
 6.46159035e-01  4.68877484e+09 
 6.39975134e-01  4.66960804e+09 
 6.33859772e-01  4.65034310e+09 
 6.27811943e-01  4.63098337e+09 
 6.21830658e-01  4.61153218e+09 
 6.15914943e-01  4.59199277e+09 
 6.10063844e-01  4.57236830e+09 
 6.04276421e-01  4.55266190e+09 
 5.98551753e-01  4.53287662e+09 
 5.92888932e-01  4.51301544e+09 
 5.87287068e-01  4.49308131e+09 
 5.81745285e-01  4.47307710e+09 
 5.76262722e-01  4.45300561e+09 
 5.70838535e-01  4.43286962e+09 
 5.65471891e-01  4.41267183e+09 
 5.60161974e-01  4.39241489e+09 
 5.54907981e-01  4.37210140e+09 
 5.49709123e-01  4.35173390e+09 
 5.44564623e-01  4.33131490e+09 
 5.39473719e-01  4.31084683e+09 
 5.34435662e-01  4.29033210e+09 
 5.29449714e-01  4.26977306e+09 
 5.24515151e-01  4.24917201e+09 
 5.19631260e-01  4.22853121e+09 
 5.14797341e-01  4.20785287e+09 
 5.10012706e-01  4.18713916e+09 
 5.05276678e-01  4.16639221e+09 
 5.00588590e-01  4.14561409e+09 
 4.95947788e-01  4.12480685e+09 
 4.91353629e-01  4.10397250e+09 
 4.86805480e-01  4.08311300e+09 
 4.82302719e-01  4.06223026e+09 
 4.77844732e-01  4.04132617e+09 
 4.73430919e-01  4.02040259e+09 
 4.69060688e-01  3.99946132e+09 
 4.64733456e-01  3.97850414e+09 
 4.60448650e-01  3.95753278e+09 
 4.56205707e-01  3.93654897e+09 
 gmid1.5         ft1.5          
 2.50370802e+01  1.62986356e+01 
 2.54220921e+01  2.14134350e+01 
 2.57401482e+01  2.81502667e+01 
 2.60039860e+01  3.70284646e+01 
 2.62243200e+01  4.87351199e+01 
 2.64099818e+01  6.41797199e+01 
 2.65681424e+01  8.45667179e+01 
 2.67045550e+01  1.11491963e+02 
 2.68237958e+01  1.47070884e+02 
 2.69294796e+01  1.94108967e+02 
 2.70244462e+01  2.56328556e+02 
 2.71109178e+01  3.38670727e+02 
 2.71906281e+01  4.47697238e+02 
 2.72649264e+01  5.92125933e+02 
 2.73348614e+01  7.83544206e+02 
 2.74012469e+01  1.03736008e+03 
 2.74647144e+01  1.37407055e+03 
 2.75257534e+01  1.82095351e+03 
 2.75847439e+01  2.41432575e+03 
 2.76419804e+01  3.20255710e+03 
 2.76976914e+01  4.25009560e+03 
 2.77520537e+01  5.64284394e+03 
 2.78052040e+01  7.49534332e+03 
 2.78572467e+01  9.96037403e+03 
 2.79082606e+01  1.32417888e+04 
 2.79583029e+01  1.76116691e+04 
 2.80074119e+01  2.34332638e+04 
 2.80556090e+01  3.11916548e+04 
 2.81028982e+01  4.15347505e+04 
 2.81492653e+01  5.53280633e+04 
 2.81946752e+01  7.37278681e+04 
 2.82390677e+01  9.82788239e+04 
 2.82823510e+01  1.31044077e+05 
 2.83243930e+01  1.74778339e+05 
 2.83650089e+01  2.33157543e+05 
 2.84039444e+01  3.11082516e+05 
 2.84408539e+01  4.15078522e+05 
 2.84752702e+01  5.53817425e+05 
 2.85065647e+01  7.38793695e+05 
 2.85338957e+01  9.85188237e+05 
 2.85561387e+01  1.31295208e+06 
 2.85717974e+01  1.74813061e+06 
 2.85788874e+01  2.32442028e+06 
 2.85747907e+01  3.08489240e+06 
 2.85560743e+01  4.08371952e+06 
 2.85182762e+01  5.38758798e+06 
 2.84556656e+01  7.07628113e+06 
 2.83610058e+01  9.24171610e+06 
 2.82253732e+01  1.19846237e+07 
 2.80381307e+01  1.54082638e+07 
 2.77871977e+01  1.96092604e+07 
 2.74597911e+01  2.46668360e+07 
 2.70437713e+01  3.06330193e+07 
 2.65295715e+01  3.75269573e+07 
 2.59124028e+01  4.53355285e+07 
 2.51941273e+01  5.40201620e+07 
 2.43840911e+01  6.35273844e+07 
 2.34984677e+01  7.37995829e+07 
 2.25582184e+01  8.47832011e+07 
 2.15862930e+01  9.64332543e+07 
 2.06048873e+01  1.08714542e+08 
 1.96333861e+01  1.21600677e+08 
 1.86872398e+01  1.35072082e+08 
 1.77776932e+01  1.49113814e+08 
 1.69121080e+01  1.63713673e+08 
 1.60945992e+01  1.78860776e+08 
 1.53267657e+01  1.94544598e+08 
 1.46083799e+01  2.10754393e+08 
 1.39379699e+01  2.27478890e+08 
 1.33132769e+01  2.44706188e+08 
 1.27315959e+01  2.62423752e+08 
 1.21900170e+01  2.80618482e+08 
 1.16855904e+01  2.99276809e+08 
 1.12154337e+01  3.18384801e+08 
 1.07767972e+01  3.37928262e+08 
 1.03671012e+01  3.57892828e+08 
 9.98395305e+00  3.78264045e+08 
 9.62515090e+00  3.99027441e+08 
 9.28868032e+00  4.20168578e+08 
 8.97270508e+00  4.41673101e+08 
 8.67555572e+00  4.63526775e+08 
 8.39571664e+00  4.85715507e+08 
 8.13181307e+00  5.08225374e+08 
 7.88259822e+00  5.31042635e+08 
 7.64694116e+00  5.54153740e+08 
 7.42381552e+00  5.77545340e+08 
 7.21228905e+00  6.01204290e+08 
 7.01151421e+00  6.25117649e+08 
 6.82071958e+00  6.49272677e+08 
 6.63920219e+00  6.73656837e+08 
 6.46632062e+00  6.98257788e+08 
 6.30148879e+00  7.23063384e+08 
 6.14417048e+00  7.48061662e+08 
 5.99387440e+00  7.73240843e+08 
 5.85014976e+00  7.98589321e+08 
 5.71258237e+00  8.24095659e+08 
 5.58079114e+00  8.49748580e+08 
 5.45442494e+00  8.75536964e+08 
 5.33315979e+00  9.01449835e+08 
 5.21669638e+00  9.27476359e+08 
 5.10475779e+00  9.53605836e+08 
 4.99708753e+00  9.79827693e+08 
 4.89344768e+00  1.00613148e+09 
 4.79361730e+00  1.03250684e+09 
 4.69739094e+00  1.05894357e+09 
 4.60457737e+00  1.08543151e+09 
 4.51499832e+00  1.11196064e+09 
 4.42848750e+00  1.13852101e+09 
 4.34488953e+00  1.16510276e+09 
 4.26405915e+00  1.19169609e+09 
 4.18586033e+00  1.21829131e+09 
 4.11016564e+00  1.24487876e+09 
 4.03685553e+00  1.27144887e+09 
 3.96581775e+00  1.29799212e+09 
 3.89694681e+00  1.32449905e+09 
 3.83014345e+00  1.35096025e+09 
 3.76531424e+00  1.37736637e+09 
 3.70237111e+00  1.40370809e+09 
 3.64123101e+00  1.42997615e+09 
 3.58181553e+00  1.45616133e+09 
 3.52405060e+00  1.48225445e+09 
 3.46786619e+00  1.50824636e+09 
 3.41319603e+00  1.53412798e+09 
 3.35997738e+00  1.55989025e+09 
 3.30815078e+00  1.58552415e+09 
 3.25765988e+00  1.61102071e+09 
 3.20845116e+00  1.63637100e+09 
 3.16047387e+00  1.66156614e+09 
 3.11367974e+00  1.68659729e+09 
 3.06802292e+00  1.71145568e+09 
 3.02345979e+00  1.73613258e+09 
 2.97994885e+00  1.76061931e+09 
 2.93745056e+00  1.78490729e+09 
 2.89592729e+00  1.80898797e+09 
 2.85534315e+00  1.83285289e+09 
 2.81566393e+00  1.85649367e+09 
 2.77685699e+00  1.87990203e+09 
 2.73889118e+00  1.90306977e+09 
 2.70173678e+00  1.92598879e+09 
 2.66536538e+00  1.94865110e+09 
 2.62974985e+00  1.97104882e+09 
 2.59486427e+00  1.99317422e+09 
 2.56068384e+00  2.01501968e+09 
 2.52718487e+00  2.03657772e+09 
 2.49434467e+00  2.05784102e+09 
 2.46214157e+00  2.07880241e+09 
 2.43055478e+00  2.09945489e+09 
 2.39956445e+00  2.11979166e+09 
 2.36915154e+00  2.13980605e+09 
 2.33929783e+00  2.15949165e+09 
 2.30998587e+00  2.17884219e+09 
 2.28119893e+00  2.19785166e+09 
 2.25292101e+00  2.21651423e+09 
 2.22513674e+00  2.23482434e+09 
 2.19783142e+00  2.25277661e+09 
 2.17099094e+00  2.27036596e+09 
 2.14460178e+00  2.28758750e+09 
 2.11865099e+00  2.30443665e+09 
 2.09312612e+00  2.32090904e+09 
 2.06801526e+00  2.33700061e+09 
 2.04330698e+00  2.35270754e+09 
 2.01899031e+00  2.36802629e+09 
 1.99505472e+00  2.38295363e+09 
 1.97149013e+00  2.39748656e+09 
 1.94828684e+00  2.41162241e+09 
 1.92543557e+00  2.42535878e+09 
 1.90292738e+00  2.43869355e+09 
 1.88075372e+00  2.45162490e+09 
 1.85890635e+00  2.46415130e+09 
 1.83737738e+00  2.47627151e+09 
 1.81615923e+00  2.48798457e+09 
 1.79524461e+00  2.49928981e+09 
 1.77462651e+00  2.51018684e+09 
 1.75429822e+00  2.52067555e+09 
 1.73425327e+00  2.53075613e+09 
 1.71448543e+00  2.54042902e+09 
 1.69498873e+00  2.54969493e+09 
 1.67575742e+00  2.55855484e+09 
 1.65678596e+00  2.56700999e+09 
 1.63806903e+00  2.57506187e+09 
 1.61960148e+00  2.58271222e+09 
 1.60137839e+00  2.58996301e+09 
 1.58339499e+00  2.59681646e+09 
 1.56564669e+00  2.60327500e+09 
 1.54812906e+00  2.60934128e+09 
 1.53083782e+00  2.61501816e+09 
 1.51376887e+00  2.62030872e+09 
 1.49691820e+00  2.62521621e+09 
 1.48028198e+00  2.62974407e+09 
 1.46385647e+00  2.63389593e+09 
 1.44763810e+00  2.63767556e+09 
 1.43162336e+00  2.64108693e+09 
 1.41580889e+00  2.64413412e+09 
 1.40019142e+00  2.64682137e+09 
 1.38476778e+00  2.64915306e+09 
 1.36953489e+00  2.65113369e+09 
 1.35448977e+00  2.65276785e+09 
 1.33962953e+00  2.65406027e+09 
 1.32495133e+00  2.65501577e+09 
 1.31045246e+00  2.65563924e+09 
 1.29613022e+00  2.65593568e+09 
 1.28198203e+00  2.65591014e+09 
 1.26800536e+00  2.65556776e+09 
 1.25419774e+00  2.65491370e+09 
 1.24055675e+00  2.65395322e+09 
 1.22708005e+00  2.65269157e+09 
 1.21376535e+00  2.65113408e+09 
 1.20061038e+00  2.64928609e+09 
 1.18761296e+00  2.64715295e+09 
 1.17477094e+00  2.64474006e+09 
 1.16208221e+00  2.64205279e+09 
 1.14954470e+00  2.63909654e+09 
 1.13715640e+00  2.63587670e+09 
 1.12491532e+00  2.63239866e+09 
 1.11281951e+00  2.62866779e+09 
 1.10086705e+00  2.62468944e+09 
 1.08905609e+00  2.62046894e+09 
 1.07738475e+00  2.61601161e+09 
 1.06585124e+00  2.61132272e+09 
 1.05445376e+00  2.60640750e+09 
 1.04319055e+00  2.60127117e+09 
 1.03205990e+00  2.59591889e+09 
 1.02106009e+00  2.59035577e+09 
 1.01018944e+00  2.58458688e+09 
 9.99446308e-01  2.57861725e+09 
 9.88829059e-01  2.57245184e+09 
 9.78336086e-01  2.56609556e+09 
 9.67965805e-01  2.55955327e+09 
 9.57716652e-01  2.55282975e+09 
 9.47587086e-01  2.54592975e+09 
 9.37575585e-01  2.53885793e+09 
 9.27680646e-01  2.53161890e+09 
 9.17900787e-01  2.52421720e+09 
 9.08234543e-01  2.51665729e+09 
 8.98680468e-01  2.50894360e+09 
 8.89237135e-01  2.50108045e+09 
 8.79903133e-01  2.49307210e+09 
 8.70677070e-01  2.48492277e+09 
 8.61557568e-01  2.47663657e+09 
 8.52543269e-01  2.46821757e+09 
 8.43632828e-01  2.45966974e+09 
 8.34824918e-01  2.45099700e+09 
 8.26118228e-01  2.44220321e+09 
 8.17511462e-01  2.43329212e+09 
 8.09003339e-01  2.42426745e+09 
 8.00592592e-01  2.41513282e+09 
 7.92277973e-01  2.40589180e+09 
 7.84058244e-01  2.39654788e+09 
 7.75932184e-01  2.38710448e+09 
 7.67898586e-01  2.37756496e+09 
 7.59956259e-01  2.36793260e+09 
 7.52104022e-01  2.35821062e+09 
 7.44340713e-01  2.34840218e+09 
 7.36665179e-01  2.33851035e+09 
 7.29076285e-01  2.32853816e+09 
 7.21572907e-01  2.31848856e+09 
 7.14153935e-01  2.30836445e+09 
 7.06818273e-01  2.29816865e+09 
 6.99564837e-01  2.28790393e+09 
 6.92392559e-01  2.27757300e+09 
 6.85300381e-01  2.26717850e+09 
 6.78287258e-01  2.25672301e+09 
 6.71352161e-01  2.24620907e+09 
 6.64494071e-01  2.23563914e+09 
 6.57711982e-01  2.22501563e+09 
 6.51004902e-01  2.21434092e+09 
 6.44371849e-01  2.20361729e+09 
 6.37811855e-01  2.19284700e+09 
 6.31323964e-01  2.18203224e+09 
 6.24907233e-01  2.17117517e+09 
 6.18560730e-01  2.16027788e+09 
 6.12283535e-01  2.14934241e+09 
 6.06074740e-01  2.13837076e+09 
 5.99933448e-01  2.12736489e+09 
 5.93858776e-01  2.11632669e+09 
 5.87849850e-01  2.10525802e+09 
 5.81905808e-01  2.09416069e+09 
 5.76025802e-01  2.08303648e+09 
 5.70208991e-01  2.07188711e+09 
 5.64454548e-01  2.06071426e+09 
 5.58761656e-01  2.04951959e+09 
 5.53129510e-01  2.03830468e+09 
 5.47557314e-01  2.02707111e+09 
 5.42044285e-01  2.01582040e+09 
 5.36589649e-01  2.00455405e+09 
 5.31192642e-01  1.99327349e+09 
 5.25852513e-01  1.98198015e+09 
 5.20568519e-01  1.97067542e+09 
 5.15339928e-01  1.95936063e+09 
 5.10166017e-01  1.94803709e+09 
 5.05046076e-01  1.93670611e+09 
 4.99979401e-01  1.92536891e+09 
 4.94965300e-01  1.91402672e+09 
 4.90003091e-01  1.90268073e+09 
 4.85092101e-01  1.89133209e+09 
 4.80231666e-01  1.87998194e+09 
 4.75421131e-01  1.86863138e+09 
 4.70659851e-01  1.85728148e+09 
 4.65947190e-01  1.84593329e+09 
 4.61282522e-01  1.83458783e+09 
 4.56665229e-01  1.82324610e+09 
 gmid2           ft2            
 2.50846257e+01  1.27060835e+01 
 2.54518836e+01  1.66842913e+01 
 2.57551512e+01  2.19207888e+01 
 2.60067207e+01  2.88172935e+01 
 2.62168821e+01  3.79048896e+01 
 2.63940878e+01  4.98860260e+01 
 2.65451816e+01  6.56902515e+01 
 2.66756445e+01  8.65482120e+01 
 2.67898288e+01  1.14089932e+02 
 2.68911686e+01  1.50475409e+02 
 2.69823593e+01  1.98568201e+02 
 2.70655088e+01  2.62166277e+02 
 2.71422608e+01  3.46309113e+02 
 2.72138937e+01  4.57686386e+02 
 2.72814006e+01  6.05182088e+02 
 2.73455517e+01  8.00599180e+02 
 2.74069443e+01  1.05962505e+03 
 2.74660410e+01  1.40311821e+03 
 2.75231999e+01  1.85882375e+03 
 2.75786982e+01  2.46366102e+03 
 2.76327498e+01  3.26677541e+03 
 2.76855191e+01  4.33361046e+03 
 2.77371315e+01  5.75134265e+03 
 2.77876809e+01  7.63613626e+03 
 2.78372354e+01  1.01428289e+04 
 2.78858406e+01  1.34778625e+04 
 2.79335219e+01  1.79165470e+04 
 2.79802847e+01  2.38261025e+04 
 2.80261139e+01  3.16964042e+04 
 2.80709708e+01  4.21809777e+04 
 2.81147886e+01  5.61516132e+04 
 2.81574661e+01  7.47710208e+04 
 2.81988577e+01  9.95892998e+04 
 2.82387606e+01  1.32671677e+05 
 2.82768965e+01  1.76767006e+05 
 2.83128879e+01  2.35528879e+05 
 2.83462262e+01  3.13803667e+05 
 2.83762292e+01  4.18002028e+05 
 2.84019854e+01  5.56571400e+05 
 2.84222815e+01  7.40585236e+05 
 2.84355081e+01  9.84457359e+05 
 2.84395398e+01  1.30677252e+06 
 2.84315854e+01  1.73119096e+06 
 2.84080059e+01  2.28732879e+06 
 2.83641041e+01  3.01143232e+06 
 2.82938982e+01  3.94655967e+06 
 2.81899141e+01  5.14188352e+06 
 2.80430552e+01  6.65070135e+06 
 2.78426529e+01  8.52688297e+06 
 2.75768379e+01  1.08198933e+07 
 2.72333853e+01  1.35691791e+07 
 2.68011267e+01  1.67993497e+07 
 2.62718509e+01  2.05177625e+07 
 2.56423426e+01  2.47154913e+07 
 2.49159623e+01  2.93713887e+07 
 2.41031438e+01  3.44577644e+07 
 2.32204909e+01  3.99458264e+07 
 2.22886760e+01  4.58095526e+07 
 2.13297720e+01  5.20275915e+07 
 2.03647582e+01  5.85835284e+07 
 1.94117252e+01  6.54651615e+07 
 1.84849509e+01  7.26633868e+07 
 1.75947395e+01  8.01710908e+07 
 1.67477752e+01  8.79822475e+07 
 1.59477381e+01  9.60912733e+07 
 1.51959895e+01  1.04492616e+08 
 1.44922099e+01  1.13180527e+08 
 1.38349350e+01  1.22148954e+08 
 1.32219763e+01  1.31391525e+08 
 1.26507337e+01  1.40901563e+08 
 1.21184181e+01  1.50672141e+08 
 1.16222041e+01  1.60696131e+08 
 1.11593294e+01  1.70966261e+08 
 1.07271564e+01  1.81475170e+08 
 1.03232071e+01  1.92215449e+08 
 9.94517912e+00  2.03179683e+08 
 9.59095087e+00  2.14360477e+08 
 9.25857775e+00  2.25750491e+08 
 8.94628437e+00  2.37342452e+08 
 8.65245397e+00  2.49129173e+08 
 8.37561657e+00  2.61103565e+08 
 8.11443677e+00  2.73258645e+08 
 7.86770182e+00  2.85587542e+08 
 7.63431021e+00  2.98083502e+08 
 7.41326098e+00  3.10739886e+08 
 7.20364394e+00  3.23550176e+08 
 7.00463066e+00  3.36507970e+08 
 6.81546638e+00  3.49606983e+08 
 6.63546262e+00  3.62841043e+08 
 6.46399061e+00  3.76204089e+08 
 6.30047540e+00  3.89690172e+08 
 6.14439051e+00  4.03293442e+08 
 5.99525324e+00  4.17008156e+08 
 5.85262039e+00  4.30828664e+08 
 5.71608451e+00  4.44749413e+08 
 5.58527049e+00  4.58764938e+08 
 5.45983252e+00  4.72869860e+08 
 5.33945140e+00  4.87058882e+08 
 5.22383209e+00  5.01326784e+08 
 5.11270154e+00  5.15668420e+08 
 5.00580672e+00  5.30078715e+08 
 4.90291286e+00  5.44552658e+08 
 4.80380187e+00  5.59085300e+08 
 4.70827091e+00  5.73671751e+08 
 4.61613111e+00  5.88307173e+08 
 4.52720638e+00  6.02986780e+08 
 4.44133240e+00  6.17705831e+08 
 4.35835563e+00  6.32459628e+08 
 4.27813246e+00  6.47243513e+08 
 4.20052845e+00  6.62052860e+08 
 4.12541757e+00  6.76883077e+08 
 4.05268159e+00  6.91729599e+08 
 3.98220947e+00  7.06587885e+08 
 3.91389684e+00  7.21453414e+08 
 3.84764549e+00  7.36321684e+08 
 3.78336293e+00  7.51188204e+08 
 3.72096197e+00  7.66048498e+08 
 3.66036035e+00  7.80898092e+08 
 3.60148042e+00  7.95732519e+08 
 3.54424876e+00  8.10547313e+08 
 3.48859594e+00  8.25338006e+08 
 3.43445626e+00  8.40100125e+08 
 3.38176744e+00  8.54829188e+08 
 3.33047046e+00  8.69520707e+08 
 3.28050933e+00  8.84170178e+08 
 3.23183086e+00  8.98773084e+08 
 3.18438453e+00  9.13324891e+08 
 3.13812230e+00  9.27821049e+08 
 3.09299847e+00  9.42256985e+08 
 3.04896952e+00  9.56628106e+08 
 3.00599398e+00  9.70929799e+08 
 2.96403234e+00  9.85157425e+08 
 2.92304690e+00  9.99306324e+08 
 2.88300168e+00  1.01337181e+09 
 2.84386231e+00  1.02734918e+09 
 2.80559596e+00  1.04123370e+09 
 2.76817124e+00  1.05502062e+09 
 2.73155814e+00  1.06870517e+09 
 2.69572794e+00  1.08228256e+09 
 2.66065312e+00  1.09574798e+09 
 2.62630735e+00  1.10909661e+09 
 2.59266540e+00  1.12232362e+09 
 2.55970307e+00  1.13542417e+09 
 2.52739718e+00  1.14839341e+09 
 2.49572548e+00  1.16122651e+09 
 2.46466663e+00  1.17391863e+09 
 2.43420015e+00  1.18646494e+09 
 2.40430637e+00  1.19886062e+09 
 2.37496642e+00  1.21110090e+09 
 2.34616217e+00  1.22318100e+09 
 2.31787622e+00  1.23509620e+09 
 2.29009184e+00  1.24684182e+09 
 2.26279297e+00  1.25841321e+09 
 2.23596417e+00  1.26980580e+09 
 2.20959063e+00  1.28101506e+09 
 2.18365808e+00  1.29203656e+09 
 2.15815286e+00  1.30286593e+09 
 2.13306180e+00  1.31349888e+09 
 2.10837229e+00  1.32393125e+09 
 2.08407218e+00  1.33415895e+09 
 2.06014984e+00  1.34417801e+09 
 2.03659406e+00  1.35398461e+09 
 2.01339412e+00  1.36357502e+09 
 1.99053970e+00  1.37294568e+09 
 1.96802090e+00  1.38209315e+09 
 1.94582823e+00  1.39101415e+09 
 1.92395258e+00  1.39970558e+09 
 1.90238522e+00  1.40816448e+09 
 1.88111778e+00  1.41638808e+09 
 1.86014222e+00  1.42437379e+09 
 1.83945086e+00  1.43211919e+09 
 1.81903633e+00  1.43962207e+09 
 1.79889158e+00  1.44688040e+09 
 1.77900984e+00  1.45389237e+09 
 1.75938467e+00  1.46065634e+09 
 1.74000987e+00  1.46717092e+09 
 1.72087952e+00  1.47343489e+09 
 1.70198797e+00  1.47944726e+09 
 1.68332982e+00  1.48520724e+09 
 1.66489988e+00  1.49071427e+09 
 1.64669323e+00  1.49596799e+09 
 1.62870514e+00  1.50096824e+09 
 1.61093110e+00  1.50571510e+09 
 1.59336682e+00  1.51020883e+09 
 1.57600817e+00  1.51444991e+09 
 1.55885123e+00  1.51843901e+09 
 1.54189224e+00  1.52217702e+09 
 1.52512763e+00  1.52566501e+09 
 1.50855397e+00  1.52890424e+09 
 1.49216800e+00  1.53189617e+09 
 1.47596658e+00  1.53464241e+09 
 1.45994674e+00  1.53714478e+09 
 1.44410561e+00  1.53940525e+09 
 1.42844047e+00  1.54142595e+09 
 1.41294870e+00  1.54320916e+09 
 1.39762779e+00  1.54475734e+09 
 1.38247535e+00  1.54607305e+09 
 1.36748907e+00  1.54715901e+09 
 1.35266675e+00  1.54801806e+09 
 1.33800626e+00  1.54865315e+09 
 1.32350555e+00  1.54906735e+09 
 1.30916266e+00  1.54926383e+09 
 1.29497570e+00  1.54924587e+09 
 1.28094284e+00  1.54901681e+09 
 1.26706231e+00  1.54858009e+09 
 1.25333239e+00  1.54793922e+09 
 1.23975144e+00  1.54709778e+09 
 1.22631783e+00  1.54605940e+09 
 1.21303002e+00  1.54482776e+09 
 1.19988648e+00  1.54340659e+09 
 1.18688572e+00  1.54179966e+09 
 1.17402630e+00  1.54001076e+09 
 1.16130681e+00  1.53804372e+09 
 1.14872585e+00  1.53590237e+09 
 1.13628207e+00  1.53359057e+09 
 1.12397414e+00  1.53111218e+09 
 1.11180075e+00  1.52847106e+09 
 1.09976060e+00  1.52567106e+09 
 1.08785242e+00  1.52271604e+09 
 1.07607496e+00  1.51960982e+09 
 1.06442697e+00  1.51635623e+09 
 1.05290723e+00  1.51295905e+09 
 1.04151452e+00  1.50942207e+09 
 1.03024764e+00  1.50574900e+09 
 1.01910539e+00  1.50194357e+09 
 1.00808659e+00  1.49800944e+09 
 9.97190056e-01  1.49395025e+09 
 9.86414615e-01  1.48976957e+09 
 9.75759104e-01  1.48547096e+09 
 9.65222363e-01  1.48105791e+09 
 9.54803236e-01  1.47653387e+09 
 9.44500574e-01  1.47190224e+09 
 9.34313230e-01  1.46716637e+09 
 9.24240062e-01  1.46232955e+09 
 9.14279931e-01  1.45739501e+09 
 9.04431702e-01  1.45236595e+09 
 8.94694243e-01  1.44724547e+09 
 8.85066424e-01  1.44203666e+09 
 8.75547120e-01  1.43674252e+09 
 8.66135207e-01  1.43136599e+09 
 8.56829566e-01  1.42590998e+09 
 8.47629080e-01  1.42037731e+09 
 8.38532635e-01  1.41477076e+09 
 8.29539120e-01  1.40909304e+09 
 8.20647429e-01  1.40334679e+09 
 8.11856459e-01  1.39753462e+09 
 8.03165108e-01  1.39165906e+09 
 7.94572281e-01  1.38572259e+09 
 7.86076887e-01  1.37972762e+09 
 7.77677837e-01  1.37367652e+09 
 7.69374049e-01  1.36757159e+09 
 7.61164444e-01  1.36141507e+09 
 7.53047947e-01  1.35520916e+09 
 7.45023492e-01  1.34895600e+09 
 7.37090013e-01  1.34265766e+09 
 7.29246455e-01  1.33631618e+09 
 7.21491765e-01  1.32993354e+09 
 7.13824897e-01  1.32351165e+09 
 7.06244812e-01  1.31705239e+09 
 6.98750476e-01  1.31055758e+09 
 6.91340864e-01  1.30402901e+09 
 6.84014955e-01  1.29746839e+09 
 6.76771737e-01  1.29087740e+09 
 6.69610205e-01  1.28425769e+09 
 6.62529361e-01  1.27761083e+09 
 6.55528215e-01  1.27093837e+09 
 6.48605784e-01  1.26424182e+09 
 6.41761095e-01  1.25752262e+09 
 6.34993179e-01  1.25078221e+09 
 6.28301081e-01  1.24402195e+09 
 6.21683849e-01  1.23724319e+09 
 6.15140543e-01  1.23044721e+09 
 6.08670230e-01  1.22363530e+09 
 6.02271987e-01  1.21680867e+09 
 5.95944898e-01  1.20996850e+09 
 5.89688058e-01  1.20311597e+09 
 5.83500570e-01  1.19625219e+09 
 5.77381545e-01  1.18937824e+09 
 5.71330106e-01  1.18249519e+09 
 5.65345384e-01  1.17560406e+09 
 5.59426517e-01  1.16870585e+09 
 5.53572655e-01  1.16180152e+09 
 5.47782958e-01  1.15489201e+09 
 5.42056594e-01  1.14797823e+09 
 5.36392739e-01  1.14106107e+09 
 5.30790581e-01  1.13414138e+09 
 5.25249317e-01  1.12721999e+09 
 5.19768153e-01  1.12029772e+09 
 5.14346304e-01  1.11337533e+09 
 5.08982996e-01  1.10645359e+09 
 5.03677462e-01  1.09953324e+09 
 4.98428948e-01  1.09261499e+09 
 4.93236705e-01  1.08569954e+09 
 4.88099998e-01  1.07878755e+09 
 4.83018098e-01  1.07187968e+09 
 4.77990286e-01  1.06497657e+09 
 4.73015854e-01  1.05807881e+09 
 4.68094102e-01  1.05118702e+09 
 4.63224338e-01  1.04430177e+09 
 4.58405882e-01  1.03742362e+09 
 4.53638060e-01  1.03055310e+09 
 gmid5           ft5            
 2.46741622e+01  3.80241170e+00 
 2.51163510e+01  4.98885258e+00 
 2.54796303e+01  6.54908166e+00 
 2.57785266e+01  8.60191361e+00 
 2.60254936e+01  1.13042458e+01 
 2.62309403e+01  1.48633602e+01 
 2.64034040e+01  1.95532276e+01 
 2.65497876e+01  2.57361267e+01 
 2.66756111e+01  3.38913192e+01 
 2.67852520e+01  4.46531014e+01 
 2.68821590e+01  5.88613161e+01 
 2.69690356e+01  7.76284313e+01 
 2.70479922e+01  1.02428651e+02 
 2.71206717e+01  1.35216339e+02 
 2.71883496e+01  1.78583448e+02 
 2.72520140e+01  2.35968880e+02 
 2.73124292e+01  3.11936990e+02 
 2.73701849e+01  4.12548182e+02 
 2.74257354e+01  5.45852180e+02 
 2.74794286e+01  7.22544757e+02 
 2.75315300e+01  9.56842248e+02 
 2.75822391e+01  1.26764625e+03 
 2.76317031e+01  1.68009494e+03 
 2.76800256e+01  2.22762935e+03 
 2.77272729e+01  2.95474512e+03 
 2.77734778e+01  3.92065630e+03 
 2.78186403e+01  5.20417092e+03 
 2.78627262e+01  6.91017440e+03 
 2.79056630e+01  9.17824134e+03 
 2.79473329e+01  1.21940559e+04 
 2.79875620e+01  1.62045226e+04 
 2.80261050e+01  2.15376976e+04 
 2.80626247e+01  2.86289629e+04 
 2.80966637e+01  3.80551946e+04 
 2.81276076e+01  5.05789995e+04 
 2.81546354e+01  6.72053335e+04 
 2.81766564e+01  8.92528215e+04 
 2.81922278e+01  1.18441584e+05 
 2.81994512e+01  1.56997905e+05 
 2.81958434e+01  2.07772946e+05 
 2.81781816e+01  2.74367103e+05 
 2.81423260e+01  3.61242519e+05 
 2.80830292e+01  4.73793668e+05 
 2.79937604e+01  6.18331208e+05 
 2.78665880e+01  8.01923235e+05 
 2.76921951e+01  1.03204130e+06 
 2.74601303e+01  1.31599082e+06 
 2.71594066e+01  1.66017631e+06 
 2.67795362e+01  2.06934865e+06 
 2.63119861e+01  2.54605662e+06 
 2.57518646e+01  3.09051156e+06 
 2.50994459e+01  3.70094040e+06 
 2.43610370e+01  4.37430399e+06 
 2.35488026e+01  5.10711770e+06 
 2.26794924e+01  5.89611425e+06 
 2.17724056e+01  6.73861313e+06 
 2.08471572e+01  7.63260693e+06 
 1.99217801e+01  8.57666163e+06 
 1.90114749e+01  9.56974055e+06 
 1.81280553e+01  1.06110297e+07 
 1.72799558e+01  1.16998019e+07 
 1.64725974e+01  1.28353290e+07 
 1.57089224e+01  1.40168335e+07 
 1.49899621e+01  1.52434698e+07 
 1.43153554e+01  1.65143227e+07 
 1.36837837e+01  1.78284156e+07 
 1.30933127e+01  1.91847228e+07 
 1.25416495e+01  2.05821826e+07 
 1.20263279e+01  2.20197097e+07 
 1.15448377e+01  2.34962055e+07 
 1.10947109e+01  2.50105670e+07 
 1.06735769e+01  2.65616945e+07 
 1.02791946e+01  2.81484961e+07 
 9.90946991e+00  2.97698930e+07 
 9.56246134e+00  3.14248220e+07 
 9.23637975e+00  3.31122380e+07 
 8.92958296e+00  3.48311160e+07 
 8.64056805e+00  3.65804514e+07 
 8.36796206e+00  3.83592616e+07 
 8.11051227e+00  4.01665855e+07 
 7.86707624e+00  4.20014839e+07 
 7.63661235e+00  4.38630396e+07 
 7.41817063e+00  4.57503567e+07 
 7.21088436e+00  4.76625602e+07 
 7.01396222e+00  4.95987961e+07 
 6.82668112e+00  5.15582299e+07 
 6.64837974e+00  5.35400470e+07 
 6.47845258e+00  5.55434515e+07 
 6.31634467e+00  5.75676656e+07 
 6.16154676e+00  5.96119294e+07 
 6.01359096e+00  6.16754997e+07 
 5.87204695e+00  6.37576497e+07 
 5.73651838e+00  6.58576684e+07 
 5.60663981e+00  6.79748601e+07 
 5.48207386e+00  7.01085431e+07 
 5.36250868e+00  7.22580502e+07 
 5.24765569e+00  7.44227272e+07 
 5.13724749e+00  7.66019328e+07 
 5.03103603e+00  7.87950379e+07 
 4.92879096e+00  8.10014248e+07 
 4.83029812e+00  8.32204873e+07 
 4.73535814e+00  8.54516294e+07 
 4.64378526e+00  8.76942652e+07 
 4.55540621e+00  8.99478184e+07 
 4.47005917e+00  9.22117213e+07 
 4.38759290e+00  9.44854150e+07 
 4.30786587e+00  9.67683479e+07 
 4.23074551e+00  9.90599763e+07 
 4.15610755e+00  1.01359763e+08 
 4.08383535e+00  1.03667176e+08 
 4.01381937e+00  1.05981691e+08 
 3.94595662e+00  1.08302788e+08 
 3.88015017e+00  1.10629950e+08 
 3.81630876e+00  1.12962665e+08 
 3.75434634e+00  1.15300426e+08 
 3.69418175e+00  1.17642726e+08 
 3.63573834e+00  1.19989063e+08 
 3.57894370e+00  1.22338933e+08 
 3.52372935e+00  1.24691836e+08 
 3.47003045e+00  1.27047272e+08 
 3.41778563e+00  1.29404738e+08 
 3.36693669e+00  1.31763734e+08 
 3.31742843e+00  1.34123754e+08 
 3.26920844e+00  1.36484293e+08 
 3.22222696e+00  1.38844840e+08 
 3.17643665e+00  1.41204883e+08 
 3.13179250e+00  1.43563903e+08 
 3.08825165e+00  1.45921377e+08 
 3.04577327e+00  1.48276774e+08 
 3.00431843e+00  1.50629557e+08 
 2.96385001e+00  1.52979183e+08 
 2.92433254e+00  1.55325096e+08 
 2.88573216e+00  1.57666735e+08 
 2.84801649e+00  1.60003524e+08 
 2.81115457e+00  1.62334879e+08 
 2.77511674e+00  1.64660203e+08 
 2.73987460e+00  1.66978884e+08 
 2.70540091e+00  1.69290298e+08 
 2.67166955e+00  1.71593805e+08 
 2.63865546e+00  1.73888749e+08 
 2.60633452e+00  1.76174457e+08 
 2.57468360e+00  1.78450238e+08 
 2.54368039e+00  1.80715383e+08 
 2.51330347e+00  1.82969164e+08 
 2.48353215e+00  1.85210829e+08 
 2.45434653e+00  1.87439610e+08 
 2.42572737e+00  1.89654713e+08 
 2.39765613e+00  1.91855323e+08 
 2.37011488e+00  1.94040602e+08 
 2.34308629e+00  1.96209687e+08 
 2.31655360e+00  1.98361691e+08 
 2.29050057e+00  2.00495704e+08 
 2.26491151e+00  2.02610789e+08 
 2.23977117e+00  2.04705985e+08 
 2.21506478e+00  2.06780308e+08 
 2.19077803e+00  2.08832746e+08 
 2.16689699e+00  2.10862266e+08 
 2.14340818e+00  2.12867810e+08 
 2.12029848e+00  2.14848297e+08 
 2.09755514e+00  2.16802625e+08 
 2.07516579e+00  2.18729672e+08 
 2.05311839e+00  2.20628297e+08 
 2.03140124e+00  2.22497343e+08 
 2.01000299e+00  2.24335636e+08 
 1.98891258e+00  2.26141991e+08 
 1.96811928e+00  2.27915213e+08 
 1.94761269e+00  2.29654099e+08 
 1.92738267e+00  2.31357446e+08 
 1.90741944e+00  2.33024045e+08 
 1.88771346e+00  2.34652694e+08 
 1.86825555e+00  2.36242198e+08 
 1.84903678e+00  2.37791374e+08 
 1.83004854e+00  2.39299052e+08 
 1.81128254e+00  2.40764085e+08 
 1.79273076e+00  2.42185350e+08 
 1.77438549e+00  2.43561755e+08 
 1.75623935e+00  2.44892242e+08 
 1.73828523e+00  2.46175790e+08 
 1.72051636e+00  2.47411426e+08 
 1.70292627e+00  2.48598225e+08 
 1.68550879e+00  2.49735314e+08 
 1.66825810e+00  2.50821881e+08 
 1.65116864e+00  2.51857174e+08 
 1.63423522e+00  2.52840509e+08 
 1.61745293e+00  2.53771272e+08 
 1.60081719e+00  2.54648924e+08 
 1.58432371e+00  2.55473000e+08 
 1.56796854e+00  2.56243116e+08 
 1.55174800e+00  2.56958970e+08 
 1.53565875e+00  2.57620344e+08 
 1.51969771e+00  2.58227102e+08 
 1.50386210e+00  2.58779195e+08 
 1.48814942e+00  2.59276660e+08 
 1.47255746e+00  2.59719619e+08 
 1.45708425e+00  2.60108278e+08 
 1.44172808e+00  2.60442926e+08 
 1.42648748e+00  2.60723936e+08 
 1.41136123e+00  2.60951759e+08 
 1.39634830e+00  2.61126921e+08 
 1.38144789e+00  2.61250027e+08 
 1.36665939e+00  2.61321748e+08 
 1.35198235e+00  2.61342826e+08 
 1.33741652e+00  2.61314062e+08 
 1.32296177e+00  2.61236321e+08 
 1.30861812e+00  2.61110519e+08 
 1.29438573e+00  2.60937625e+08 
 1.28026485e+00  2.60718652e+08 
 1.26625583e+00  2.60454655e+08 
 1.25235911e+00  2.60146726e+08 
 1.23857520e+00  2.59795988e+08 
 1.22490467e+00  2.59403592e+08 
 1.21134812e+00  2.58970711e+08 
 1.19790619e+00  2.58498536e+08 
 1.18457957e+00  2.57988273e+08 
 1.17136892e+00  2.57441138e+08 
 1.15827493e+00  2.56858351e+08 
 1.14529828e+00  2.56241136e+08 
 1.13243962e+00  2.55590714e+08 
 1.11969959e+00  2.54908302e+08 
 1.10707880e+00  2.54195109e+08 
 1.09457782e+00  2.53452332e+08 
 1.08219718e+00  2.52681155e+08 
 1.06993735e+00  2.51882747e+08 
 1.05779877e+00  2.51058257e+08 
 1.04578181e+00  2.50208815e+08 
 1.03388679e+00  2.49335528e+08 
 1.02211396e+00  2.48439480e+08 
 1.01046350e+00  2.47521730e+08 
 9.98935555e-01  2.46583312e+08 
 9.87530171e-01  2.45625230e+08 
 9.76247347e-01  2.44648464e+08 
 9.65087010e-01  2.43653962e+08 
 9.54049020e-01  2.42642647e+08 
 9.43133174e-01  2.41615411e+08 
 9.32339201e-01  2.40573115e+08 
 9.21666770e-01  2.39516594e+08 
 9.11115486e-01  2.38446652e+08 
 9.00684893e-01  2.37364064e+08 
 8.90374478e-01  2.36269576e+08 
 8.80183671e-01  2.35163907e+08 
 8.70111846e-01  2.34047746e+08 
 8.60158328e-01  2.32921756e+08 
 8.50322390e-01  2.31786574e+08 
 8.40603258e-01  2.30642807e+08 
 8.31000114e-01  2.29491039e+08 
 8.21512096e-01  2.28331830e+08 
 8.12138306e-01  2.27165713e+08 
 8.02877804e-01  2.25993198e+08 
 7.93729620e-01  2.24814774e+08 
 7.84692747e-01  2.23630905e+08 
 7.75766153e-01  2.22442036e+08 
 7.66948775e-01  2.21248589e+08 
 7.58239527e-01  2.20050969e+08 
 7.49637302e-01  2.18849559e+08 
 7.41140968e-01  2.17644726e+08 
 7.32749380e-01  2.16436817e+08 
 7.24461373e-01  2.15226163e+08 
 7.16275771e-01  2.14013080e+08 
 7.08191383e-01  2.12797867e+08 
 7.00207011e-01  2.11580808e+08 
 6.92321447e-01  2.10362174e+08 
 6.84533475e-01  2.09142221e+08 
 6.76841877e-01  2.07921192e+08 
 6.69245428e-01  2.06699320e+08 
 6.61742905e-01  2.05476824e+08 
 6.54333081e-01  2.04253911e+08 
 6.47014731e-01  2.03030781e+08 
 6.39786631e-01  2.01807619e+08 
 6.32647562e-01  2.00584605e+08 
 6.25596307e-01  1.99361906e+08 
 6.18631655e-01  1.98139683e+08 
 6.11752402e-01  1.96918088e+08 
 6.04957348e-01  1.95697265e+08 
 5.98245305e-01  1.94477350e+08 
 5.91615089e-01  1.93258472e+08 
 5.85065529e-01  1.92040756e+08 
 5.78595461e-01  1.90824317e+08 
 5.72203733e-01  1.89609266e+08 
 5.65889204e-01  1.88395708e+08 
 5.59650743e-01  1.87183743e+08 
 5.53487231e-01  1.85973465e+08 
 5.47397563e-01  1.84764965e+08 
 5.41380645e-01  1.83558328e+08 
 5.35435395e-01  1.82353635e+08 
 5.29560747e-01  1.81150963e+08 
 5.23755646e-01  1.79950386e+08 
 5.18019051e-01  1.78751975e+08 
 5.12349935e-01  1.77555794e+08 
 5.06747284e-01  1.76361908e+08 
 5.01210099e-01  1.75170377e+08 
 4.95737396e-01  1.73981259e+08 
 4.90328202e-01  1.72794608e+08 
 4.84981561e-01  1.71610477e+08 
 4.79696530e-01  1.70428916e+08 
 4.74472179e-01  1.69249973e+08 
 4.69307595e-01  1.68073694e+08 
 4.64201878e-01  1.66900122e+08 
 4.59154139e-01  1.65729299e+08 
 4.54163508e-01  1.64561265e+08 
 4.49229126e-01  1.63396060e+08 
 4.44350147e-01  1.62233719e+08 
 gmid10          ft10           
 2.37418679e+01  1.18053895e+00 
 2.43674872e+01  1.54853968e+00 
 2.48826539e+01  2.03234867e+00 
 2.53051609e+01  2.66873125e+00 
 2.56513430e+01  3.50622075e+00 
 2.59355410e+01  4.60891438e+00 
 2.61699467e+01  6.06150235e+00 
 2.63646829e+01  7.97593339e+00 
 2.65280068e+01  1.05002528e+01 
 2.66665632e+01  1.38303255e+01 
 2.67856452e+01  1.82253919e+01 
 2.68894350e+01  2.40287165e+01 
 2.69812173e+01  3.16950084e+01 
 2.70635590e+01  4.18268445e+01 
 2.71384587e+01  5.52230692e+01 
 2.72074672e+01  7.29431304e+01 
 2.72717846e+01  9.63926208e+01 
 2.73323371e+01  1.27437051e+02 
 2.73898374e+01  1.68553202e+02 
 2.74448315e+01  2.23030524e+02 
 2.74977348e+01  2.95239152e+02 
 2.75488600e+01  3.90986628e+02 
 2.75984379e+01  5.17992683e+02 
 2.76466320e+01  6.86521071e+02 
 2.76935496e+01  9.10220224e+02 
 2.77392474e+01  1.20724120e+03 
 2.77837347e+01  1.60172333e+03 
 2.78269724e+01  2.12576645e+03 
 2.78688680e+01  2.82204496e+03 
 2.79092674e+01  3.74726518e+03 
 2.79479410e+01  4.97672415e+03 
 2.79845641e+01  6.61029594e+03 
 2.80186906e+01  8.78024721e+03 
 2.80497163e+01  1.16613607e+04 
 2.80768317e+01  1.54839056e+04 
 2.80989598e+01  2.05500037e+04 
 2.81146760e+01  2.72538409e+04 
 2.81221071e+01  3.61058634e+04 
 2.81188069e+01  4.77604275e+04 
 2.81016073e+01  6.30451379e+04 
 2.80664482e+01  8.29881009e+04 
 2.80081997e+01  1.08836443e+05 
 2.79204992e+01  1.42056002e+05 
 2.77956503e+01  1.84299211e+05 
 2.76246514e+01  2.37328269e+05 
 2.73974481e+01  3.02887135e+05 
 2.71035107e+01  3.82531435e+05 
 2.67328095e+01  4.77448125e+05 
 2.62771673e+01  5.88316723e+05 
 2.57318149e+01  7.15264704e+05 
 2.50967984e+01  8.57941082e+05 
 2.43777999e+01  1.01568418e+06 
 2.35860247e+01  1.18772099e+06 
 2.27370900e+01  1.37333140e+06 
 2.18491937e+01  1.57193954e+06 
 2.09410558e+01  1.78313257e+06 
 2.00301203e+01  2.00663169e+06 
 1.91313198e+01  2.24224454e+06 
 1.82564747e+01  2.48981965e+06 
 1.74142231e+01  2.74921282e+06 
 1.66103081e+01  3.02026688e+06 
 1.58480461e+01  3.30280227e+06 
 1.51288466e+01  3.59661506e+06 
 1.44527010e+01  3.90147903e+06 
 1.38186019e+01  4.21714971e+06 
 1.32248793e+01  4.54336892e+06 
 1.26694577e+01  4.87986910e+06 
 1.21500461e+01  5.22637698e+06 
 1.16642720e+01  5.58261673e+06 
 1.12097741e+01  5.94831232e+06 
 1.07842625e+01  6.32318938e+06 
 1.03855562e+01  6.70697663e+06 
 1.00116044e+01  7.09940688e+06 
 9.66049649e+00  7.50021770e+06 
 9.33046368e+00  7.90915200e+06 
 9.01987670e+00  8.32595827e+06 
 8.72723961e+00  8.75039082e+06 
 8.45118212e+00  9.18220980e+06 
 8.19045089e+00  9.62118127e+06 
 7.94390058e+00  1.00670771e+07 
 7.71048497e+00  1.05196750e+07 
 7.48924839e+00  1.09787580e+07 
 7.27931769e+00  1.14441151e+07 
 7.07989466e+00  1.19155401e+07 
 6.89024917e+00  1.23928324e+07 
 6.70971279e+00  1.28757961e+07 
 6.53767301e+00  1.33642403e+07 
 6.37356800e+00  1.38579787e+07 
 6.21688191e+00  1.43568296e+07 
 6.06714053e+00  1.48606154e+07 
 5.92390745e+00  1.53691629e+07 
 5.78678061e+00  1.58823030e+07 
 5.65538913e+00  1.63998701e+07 
 5.52939052e+00  1.69217027e+07 
 5.40846812e+00  1.74476428e+07 
 5.29232881e+00  1.79775358e+07 
 5.18070096e+00  1.85112304e+07 
 5.07333255e+00  1.90485785e+07 
 4.96998953e+00  1.95894352e+07 
 4.87045423e+00  2.01336584e+07 
 4.77452407e+00  2.06811087e+07 
 4.68201025e+00  2.12316497e+07 
 4.59273666e+00  2.17851473e+07 
 4.50653886e+00  2.23414701e+07 
 4.42326314e+00  2.29004888e+07 
 4.34276565e+00  2.34620764e+07 
 4.26491170e+00  2.40261080e+07 
 4.18957501e+00  2.45924609e+07 
 4.11663708e+00  2.51610139e+07 
 4.04598662e+00  2.57316478e+07 
 3.97751903e+00  2.63042449e+07 
 3.91113588e+00  2.68786890e+07 
 3.84674448e+00  2.74548654e+07 
 3.78425748e+00  2.80326606e+07 
 3.72359250e+00  2.86119622e+07 
 3.66467176e+00  2.91926586e+07 
 3.60742179e+00  2.97746394e+07 
 3.55177312e+00  3.03577945e+07 
 3.49766003e+00  3.09420148e+07 
 3.44502029e+00  3.15271913e+07 
 3.39379491e+00  3.21132152e+07 
 3.34392799e+00  3.26999781e+07 
 3.29536645e+00  3.32873712e+07 
 3.24805991e+00  3.38752856e+07 
 3.20196049e+00  3.44636119e+07 
 3.15702265e+00  3.50522403e+07 
 3.11320307e+00  3.56410599e+07 
 3.07046050e+00  3.62299589e+07 
 3.02875563e+00  3.68188242e+07 
 2.98805099e+00  3.74075415e+07 
 2.94831081e+00  3.79959946e+07 
 2.90950097e+00  3.85840654e+07 
 2.87158885e+00  3.91716338e+07 
 2.83454328e+00  3.97585772e+07 
 2.79833443e+00  4.03447703e+07 
 2.76293376e+00  4.09300850e+07 
 2.72831392e+00  4.15143899e+07 
 2.69444869e+00  4.20975501e+07 
 2.66131294e+00  4.26794269e+07 
 2.62888252e+00  4.32598773e+07 
 2.59713425e+00  4.38387543e+07 
 2.56604585e+00  4.44159056e+07 
 2.53559586e+00  4.49911741e+07 
 2.50576365e+00  4.55643972e+07 
 2.47652932e+00  4.61354065e+07 
 2.44787369e+00  4.67040275e+07 
 2.41977825e+00  4.72700790e+07 
 2.39222512e+00  4.78333730e+07 
 2.36519702e+00  4.83937144e+07 
 2.33867721e+00  4.89509004e+07 
 2.31264950e+00  4.95047204e+07 
 2.28709819e+00  5.00549552e+07 
 2.26200805e+00  5.06013773e+07 
 2.23736427e+00  5.11437503e+07 
 2.21315249e+00  5.16818285e+07 
 2.18935872e+00  5.22153569e+07 
 2.16596933e+00  5.27440706e+07 
 2.14297106e+00  5.32676953e+07 
 2.12035095e+00  5.37859463e+07 
 2.09809637e+00  5.42985291e+07 
 2.07619499e+00  5.48051393e+07 
 2.05463472e+00  5.53054622e+07 
 2.03340377e+00  5.57991737e+07 
 2.01249060e+00  5.62859396e+07 
 1.99188389e+00  5.67654170e+07 
 1.97157258e+00  5.72372537e+07 
 1.95154582e+00  5.77010895e+07 
 1.93179301e+00  5.81565565e+07 
 1.91230373e+00  5.86032799e+07 
 1.89306783e+00  5.90408792e+07 
 1.87407533e+00  5.94689689e+07 
 1.85531651e+00  5.98871599e+07 
 1.83678186e+00  6.02950607e+07 
 1.81846210e+00  6.06922791e+07 
 1.80034820e+00  6.10784235e+07 
 1.78243136e+00  6.14531050e+07 
 1.76470306e+00  6.18159385e+07 
 1.74715501e+00  6.21665457e+07 
 1.72977925e+00  6.25045562e+07 
 1.71256806e+00  6.28296101e+07 
 1.69551406e+00  6.31413597e+07 
 1.67861016e+00  6.34394723e+07 
 1.66184962e+00  6.37236319e+07 
 1.64522604e+00  6.39935413e+07 
 1.62873336e+00  6.42489245e+07 
 1.61236590e+00  6.44895286e+07 
 1.59611835e+00  6.47151254e+07 
 1.57998578e+00  6.49255138e+07 
 1.56396366e+00  6.51205208e+07 
 1.54804786e+00  6.53000033e+07 
 1.53223465e+00  6.54638491e+07 
 1.51652071e+00  6.56119780e+07 
 1.50090310e+00  6.57443428e+07 
 1.48537931e+00  6.58609291e+07 
 1.46994721e+00  6.59617564e+07 
 1.45460505e+00  6.60468775e+07 
 1.43935149e+00  6.61163782e+07 
 1.42418553e+00  6.61703773e+07 
 1.40910652e+00  6.62090250e+07 
 1.39411416e+00  6.62325026e+07 
 1.37920846e+00  6.62410207e+07 
 1.36438973e+00  6.62348183e+07 
 1.34965856e+00  6.62141603e+07 
 1.33501580e+00  6.61793367e+07 
 1.32046251e+00  6.61306599e+07 
 1.30599999e+00  6.60684631e+07 
 1.29162968e+00  6.59930981e+07 
 1.27735323e+00  6.59049328e+07 
 1.26317238e+00  6.58043497e+07 
 1.24908902e+00  6.56917429e+07 
 1.23510508e+00  6.55675167e+07 
 1.22122260e+00  6.54320828e+07 
 1.20744363e+00  6.52858588e+07 
 1.19377026e+00  6.51292658e+07 
 1.18020456e+00  6.49627266e+07 
 1.16674860e+00  6.47866640e+07 
 1.15340442e+00  6.46014993e+07 
 1.14017397e+00  6.44076501e+07 
 1.12705919e+00  6.42055297e+07 
 1.11406190e+00  6.39955451e+07 
 1.10118384e+00  6.37780962e+07 
 1.08842667e+00  6.35535748e+07 
 1.07579191e+00  6.33223635e+07 
 1.06328100e+00  6.30848348e+07 
 1.05089522e+00  6.28413510e+07 
 1.03863576e+00  6.25922628e+07 
 1.02650367e+00  6.23379097e+07 
 1.01449986e+00  6.20786192e+07 
 1.00262512e+00  6.18147066e+07 
 9.90880104e-01  6.15464747e+07 
 9.79265335e-01  6.12742143e+07 
 9.67781211e-01  6.09982036e+07 
 9.56427998e-01  6.07187084e+07 
 9.45205842e-01  6.04359824e+07 
 9.34114767e-01  6.01502673e+07 
 9.23154679e-01  5.98617929e+07 
 9.12325374e-01  5.95707774e+07 
 9.01626540e-01  5.92774279e+07 
 8.91057759e-01  5.89819404e+07 
 8.80618519e-01  5.86845004e+07 
 8.70308213e-01  5.83852829e+07 
 8.60126147e-01  5.80844534e+07 
 8.50071544e-01  5.77821676e+07 
 8.40143550e-01  5.74785721e+07 
 8.30341240e-01  5.71738049e+07 
 8.20663622e-01  5.68679954e+07 
 8.11109643e-01  5.65612654e+07 
 8.01678191e-01  5.62537288e+07 
 7.92368106e-01  5.59454924e+07 
 7.83178179e-01  5.56366563e+07 
 7.74107159e-01  5.53273138e+07 
 7.65153755e-01  5.50175523e+07 
 7.56316646e-01  5.47074535e+07 
 7.47594478e-01  5.43970934e+07 
 7.38985873e-01  5.40865430e+07 
 7.30489428e-01  5.37758684e+07 
 7.22103724e-01  5.34651311e+07 
 7.13827325e-01  5.31543885e+07 
 7.05658782e-01  5.28436938e+07 
 6.97596637e-01  5.25330966e+07 
 6.89639424e-01  5.22226428e+07 
 6.81785673e-01  5.19123752e+07 
 6.74033913e-01  5.16023335e+07 
 6.66382672e-01  5.12925544e+07 
 6.58830478e-01  5.09830723e+07 
 6.51375867e-01  5.06739186e+07 
 6.44017377e-01  5.03651227e+07 
 6.36753556e-01  5.00567120e+07 
 6.29582959e-01  4.97487117e+07 
 6.22504152e-01  4.94411450e+07 
 6.15515711e-01  4.91340338e+07 
 6.08616225e-01  4.88273982e+07 
 6.01804297e-01  4.85212568e+07 
 5.95078544e-01  4.82156269e+07 
 5.88437597e-01  4.79105247e+07 
 5.81880104e-01  4.76059649e+07 
 5.75404728e-01  4.73019616e+07 
 5.69010149e-01  4.69985276e+07 
 5.62695067e-01  4.66956750e+07 
 5.56458197e-01  4.63934149e+07 
 5.50298272e-01  4.60917578e+07 
 5.44214045e-01  4.57907135e+07 
 5.38204286e-01  4.54902911e+07 
 5.32267786e-01  4.51904993e+07 
 5.26403353e-01  4.48913460e+07 
 5.20609814e-01  4.45928389e+07 
 5.14886016e-01  4.42949851e+07 
 5.09230825e-01  4.39977915e+07 
 5.03643126e-01  4.37012644e+07 
 4.98121822e-01  4.34054100e+07 
 4.92665837e-01  4.31102340e+07 
 4.87274111e-01  4.28157421e+07 
 4.81945606e-01  4.25219395e+07 
 4.76679300e-01  4.22288314e+07 
 4.71474191e-01  4.19364228e+07 
 4.66329293e-01  4.16447183e+07 
 4.61243641e-01  4.13537227e+07 
 4.56216287e-01  4.10634403e+07 
 4.51246298e-01  4.07738757e+07 
 4.46332762e-01  4.04850331e+07 
 4.41474782e-01  4.01969166e+07 
