 gmid0.5         gain0.5        
 2.46023601e+01  5.60887789e+01 
 2.49047849e+01  5.67901224e+01 
 2.51650239e+01  5.73449394e+01 
 2.53907352e+01  5.77812161e+01 
 2.55882977e+01  5.81225766e+01 
 2.57629639e+01  5.83885631e+01 
 2.59190136e+01  5.85950936e+01 
 2.60599074e+01  5.87549784e+01 
 2.61884287e+01  5.88784301e+01 
 2.63068061e+01  5.89735298e+01 
 2.64168198e+01  5.90466343e+01 
 2.65198878e+01  5.91027194e+01 
 2.66171399e+01  5.91456650e+01 
 2.67094750e+01  5.91784863e+01 
 2.67976102e+01  5.92035205e+01 
 2.68821179e+01  5.92225745e+01 
 2.69634564e+01  5.92370426e+01 
 2.70419944e+01  5.92479987e+01 
 2.71180295e+01  5.92562685e+01 
 2.71918033e+01  5.92624857e+01 
 2.72635134e+01  5.92671360e+01 
 2.73333223e+01  5.92705909e+01 
 2.74013647e+01  5.92731339e+01 
 2.74677531e+01  5.92749809e+01 
 2.75325819e+01  5.92762954e+01 
 2.75959305e+01  5.92772009e+01 
 2.76578660e+01  5.92777897e+01 
 2.77184443e+01  5.92781293e+01 
 2.77777115e+01  5.92782684e+01 
 2.78357040e+01  5.92782396e+01 
 2.78924482e+01  5.92780623e+01 
 2.79479597e+01  5.92777442e+01 
 2.80022419e+01  5.92772817e+01 
 2.80552829e+01  5.92766595e+01 
 2.81070522e+01  5.92758496e+01 
 2.81574956e+01  5.92748087e+01 
 2.82065280e+01  5.92734748e+01 
 2.82540239e+01  5.92717622e+01 
 2.82998048e+01  5.92695542e+01 
 2.83436223e+01  5.92666939e+01 
 2.83851346e+01  5.92629715e+01 
 2.84238772e+01  5.92581076e+01 
 2.84592219e+01  5.92517308e+01 
 2.84903250e+01  5.92433497e+01 
 2.85160575e+01  5.92323160e+01 
 2.85349167e+01  5.92177784e+01 
 2.85449115e+01  5.91986254e+01 
 2.85434196e+01  5.91734179e+01 
 2.85270130e+01  5.91403115e+01 
 2.84912542e+01  5.90969764e+01 
 2.84304745e+01  5.90405248e+01 
 2.83375609e+01  5.89674676e+01 
 2.82038072e+01  5.88737308e+01 
 2.80189180e+01  5.87547730e+01 
 2.77712957e+01  5.86058459e+01 
 2.74487587e+01  5.84224241e+01 
 2.70398033e+01  5.82007892e+01 
 2.65353793e+01  5.79386866e+01 
 2.59309050e+01  5.76359093e+01 
 2.52279879e+01  5.72946328e+01 
 2.44352214e+01  5.69193709e+01 
 2.35676442e+01  5.65165291e+01 
 2.26449277e+01  5.60936630e+01 
 2.16888240e+01  5.56586282e+01 
 2.07206073e+01  5.52188139e+01 
 1.97590979e+01  5.47805886e+01 
 1.88195270e+01  5.43490013e+01 
 1.79131977e+01  5.39277104e+01 
 1.70477197e+01  5.35190791e+01 
 1.62275638e+01  5.31243641e+01 
 1.54547284e+01  5.27439411e+01 
 1.47293845e+01  5.23775263e+01 
 1.40504324e+01  5.20243723e+01 
 1.34159449e+01  5.16834277e+01 
 1.28235030e+01  5.13534622e+01 
 1.22704385e+01  5.10331575e+01 
 1.17540021e+01  5.07211722e+01 
 1.12714752e+01  5.04161853e+01 
 1.08202411e+01  5.01169228e+01 
 1.03978266e+01  4.98221732e+01 
 1.00019234e+01  4.95307946e+01 
 9.63039671e+00  4.92417154e+01 
 9.28128416e+00  4.89539325e+01 
 8.95278995e+00  4.86665063e+01 
 8.64327554e+00  4.83785550e+01 
 8.35124873e+00  4.80892485e+01 
 8.07535209e+00  4.77978022e+01 
 7.81435147e+00  4.75034717e+01 
 7.56712480e+00  4.72055478e+01 
 7.33265168e+00  4.69033526e+01 
 7.11000359e+00  4.65962364e+01 
 6.89833499e+00  4.62835757e+01 
 6.69687519e+00  4.59647718e+01 
 6.50492100e+00  4.56392510e+01 
 6.32183006e+00  4.53064648e+01 
 6.14701493e+00  4.49658917e+01 
 5.97993771e+00  4.46170388e+01 
 5.82010521e+00  4.42594449e+01 
 5.66706471e+00  4.38926834e+01 
 5.52040007e+00  4.35163658e+01 
 5.37972827e+00  4.31301456e+01 
 5.24469634e+00  4.27337216e+01 
 5.11497857e+00  4.23268422e+01 
 4.99027400e+00  4.19093088e+01 
 4.87030423e+00  4.14809792e+01 
 4.75481134e+00  4.10417704e+01 
 4.64355615e+00  4.05916615e+01 
 4.53631650e+00  4.01306953e+01 
 4.43288586e+00  3.96589798e+01 
 4.33307194e+00  3.91766889e+01 
 4.23669552e+00  3.86840621e+01 
 4.14358934e+00  3.81814040e+01 
 4.05359714e+00  3.76690823e+01 
 3.96657272e+00  3.71475260e+01 
 3.88237918e+00  3.66172219e+01 
 3.80088816e+00  3.60787114e+01 
 3.72197915e+00  3.55325856e+01 
 3.64553892e+00  3.49794811e+01 
 3.57146094e+00  3.44200745e+01 
 3.49964487e+00  3.38550767e+01 
 3.42999613e+00  3.32852273e+01 
 3.36242542e+00  3.27112881e+01 
 3.29684840e+00  3.21340375e+01 
 3.23318529e+00  3.15542642e+01 
 3.17136059e+00  3.09727612e+01 
 3.11130273e+00  3.03903199e+01 
 3.05294385e+00  2.98077248e+01 
 2.99621953e+00  2.92257482e+01 
 2.94106855e+00  2.86451454e+01 
 2.88743271e+00  2.80666504e+01 
 2.83525662e+00  2.74909717e+01 
 2.78448751e+00  2.69187891e+01 
 2.73507509e+00  2.63507507e+01 
 2.68697139e+00  2.57874701e+01 
 2.64013062e+00  2.52295250e+01 
 2.59450904e+00  2.46774551e+01 
 2.55006483e+00  2.41317611e+01 
 2.50675802e+00  2.35929046e+01 
 2.46455032e+00  2.30613070e+01 
 2.42340510e+00  2.25373501e+01 
 2.38328724e+00  2.20213765e+01 
 2.34416308e+00  2.15136902e+01 
 2.30600036e+00  2.10145574e+01 
 2.26876808e+00  2.05242080e+01 
 2.23243652e+00  2.00428368e+01 
 2.19697711e+00  1.95706049e+01 
 2.16236242e+00  1.91076415e+01 
 2.12856606e+00  1.86540453e+01 
 2.09556267e+00  1.82098869e+01 
 2.06332784e+00  1.77752098e+01 
 2.03183810e+00  1.73500327e+01 
 2.00107083e+00  1.69343514e+01 
 1.97100427e+00  1.65281403e+01 
 1.94161745e+00  1.61313542e+01 
 1.91289016e+00  1.57439302e+01 
 1.88480292e+00  1.53657891e+01 
 1.85733696e+00  1.49968374e+01 
 1.83047416e+00  1.46369683e+01 
 1.80419705e+00  1.42860635e+01 
 1.77848878e+00  1.39439945e+01 
 1.75333307e+00  1.36106238e+01 
 1.72871421e+00  1.32858063e+01 
 1.70461704e+00  1.29693901e+01 
 1.68102691e+00  1.26612179e+01 
 1.65792966e+00  1.23611278e+01 
 1.63531162e+00  1.20689542e+01 
 1.61315957e+00  1.17845286e+01 
 1.59146073e+00  1.15076804e+01 
 1.57020276e+00  1.12382378e+01 
 1.54937370e+00  1.09760278e+01 
 1.52896199e+00  1.07208776e+01 
 1.50895647e+00  1.04726145e+01 
 1.48934631e+00  1.02310664e+01 
 1.47012105e+00  9.99606261e+00 
 1.45127055e+00  9.76743383e+00 
 1.43278500e+00  9.54501258e+00 
 1.41465491e+00  9.32863351e+00 
 1.39687107e+00  9.11813362e+00 
 1.37942458e+00  8.91335247e+00 
 1.36230680e+00  8.71413235e+00 
 1.34550937e+00  8.52031845e+00 
 1.32902419e+00  8.33175898e+00 
 1.31284339e+00  8.14830524e+00 
 1.29695937e+00  7.96981176e+00 
 1.28136473e+00  7.79613632e+00 
 1.26605232e+00  7.62713998e+00 
 1.25101520e+00  7.46268715e+00 
 1.23624662e+00  7.30264560e+00 
 1.22174005e+00  7.14688642e+00 
 1.20748916e+00  6.99528407e+00 
 1.19348778e+00  6.84771633e+00 
 1.17972995e+00  6.70406426e+00 
 1.16620987e+00  6.56421221e+00 
 1.15292191e+00  6.42804773e+00 
 1.13986060e+00  6.29546158e+00 
 1.12702065e+00  6.16634764e+00 
 1.11439688e+00  6.04060286e+00 
 1.10198430e+00  5.91812720e+00 
 1.08977804e+00  5.79882361e+00 
 1.07777338e+00  5.68259791e+00 
 1.06596572e+00  5.56935876e+00 
 1.05435058e+00  5.45901759e+00 
 1.04292365e+00  5.35148852e+00 
 1.03168069e+00  5.24668832e+00 
 1.02061759e+00  5.14453630e+00 
 1.00973038e+00  5.04495429e+00 
 9.99015174e-01  4.94786654e+00 
 9.88468190e-01  4.85319967e+00 
 9.78085759e-01  4.76088258e+00 
 9.67864309e-01  4.67084641e+00 
 9.57800361e-01  4.58302448e+00 
 9.47890532e-01  4.49735220e+00 
 9.38131529e-01  4.41376701e+00 
 9.28520145e-01  4.33220833e+00 
 9.19053258e-01  4.25261751e+00 
 9.09727828e-01  4.17493775e+00 
 9.00540895e-01  4.09911404e+00 
 8.91489576e-01  4.02509314e+00 
 8.82571062e-01  3.95282346e+00 
 8.73782618e-01  3.88225507e+00 
 8.65121578e-01  3.81333962e+00 
 8.56585344e-01  3.74603028e+00 
 8.48171384e-01  3.68028171e+00 
 8.39877232e-01  3.61604999e+00 
 8.31700481e-01  3.55329261e+00 
 8.23638787e-01  3.49196837e+00 
 8.15689865e-01  3.43203738e+00 
 8.07851483e-01  3.37346102e+00 
 8.00121468e-01  3.31620186e+00 
 7.92497700e-01  3.26022364e+00 
 7.84978109e-01  3.20549125e+00 
 7.77560678e-01  3.15197067e+00 
 7.70243438e-01  3.09962894e+00 
 7.63024466e-01  3.04843410e+00 
 7.55901888e-01  2.99835522e+00 
 7.48873873e-01  2.94936230e+00 
 7.41938636e-01  2.90142626e+00 
 7.35094431e-01  2.85451894e+00 
 7.28339557e-01  2.80861303e+00 
 7.21672351e-01  2.76368204e+00 
 7.15091188e-01  2.71970032e+00 
 7.08594483e-01  2.67664296e+00 
 7.02180687e-01  2.63448584e+00 
 6.95848287e-01  2.59320556e+00 
 6.89595806e-01  2.55277942e+00 
 6.83421797e-01  2.51318540e+00 
 6.77324851e-01  2.47440215e+00 
 6.71303587e-01  2.43640894e+00 
 6.65356659e-01  2.39918568e+00 
 6.59482747e-01  2.36271286e+00 
 6.53680565e-01  2.32697155e+00 
 6.47948852e-01  2.29194338e+00 
 6.42286378e-01  2.25761052e+00 
 6.36691938e-01  2.22395565e+00 
 6.31164355e-01  2.19096198e+00 
 6.25702478e-01  2.15861318e+00 
 6.20305179e-01  2.12689342e+00 
 6.14971357e-01  2.09578730e+00 
 6.09699935e-01  2.06527989e+00 
 6.04489856e-01  2.03535666e+00 
 5.99340089e-01  2.00600351e+00 
 5.94249625e-01  1.97720675e+00 
 5.89217474e-01  1.94895306e+00 
 5.84242670e-01  1.92122951e+00 
 5.79324264e-01  1.89402352e+00 
 5.74461331e-01  1.86732288e+00 
 5.69652961e-01  1.84111570e+00 
 5.64898268e-01  1.81539044e+00 
 5.60196379e-01  1.79013586e+00 
 5.55546444e-01  1.76534107e+00 
 5.50947627e-01  1.74099542e+00 
 5.46399111e-01  1.71708861e+00 
 5.41900094e-01  1.69361058e+00 
 5.37449794e-01  1.67055156e+00 
 5.33047440e-01  1.64790205e+00 
 5.28692280e-01  1.62565280e+00 
 5.24383575e-01  1.60379480e+00 
 5.20120603e-01  1.58231930e+00 
 5.15902656e-01  1.56121777e+00 
 5.11729037e-01  1.54048190e+00 
 5.07599067e-01  1.52010363e+00 
 5.03512077e-01  1.50007509e+00 
 4.99467414e-01  1.48038860e+00 
 4.95464436e-01  1.46103672e+00 
 4.91502514e-01  1.44201218e+00 
 4.87581031e-01  1.42330791e+00 
 4.83699381e-01  1.40491700e+00 
 4.79856973e-01  1.38683275e+00 
 4.76053223e-01  1.36904861e+00 
 4.72287561e-01  1.35155820e+00 
 4.68559427e-01  1.33435532e+00 
 4.64868272e-01  1.31743391e+00 
 4.61213557e-01  1.30078806e+00 
 4.57594753e-01  1.28441202e+00 
 4.54011340e-01  1.26830018e+00 
 4.50462811e-01  1.25244707e+00 
 4.46948664e-01  1.23684736e+00 
 4.43468410e-01  1.22149585e+00 
 4.40021567e-01  1.20638747e+00 
 4.36607663e-01  1.19151726e+00 
 4.33226233e-01  1.17688040e+00 
 gmid1           gain1          
 2.47870058e+01  1.33087648e+02 
 2.52440700e+01  1.41099448e+02 
 2.56216258e+01  1.47922123e+02 
 2.59341933e+01  1.53608036e+02 
 2.61942470e+01  1.58260946e+02 
 2.64122293e+01  1.62011226e+02 
 2.65967168e+01  1.64996547e+02 
 2.67546505e+01  1.67348911e+02 
 2.68915867e+01  1.69187266e+02 
 2.70119340e+01  1.70614295e+02 
 2.71191686e+01  1.71715937e+02 
 2.72160173e+01  1.72562497e+02 
 2.73046115e+01  1.73210513e+02 
 2.73866123e+01  1.73704865e+02 
 2.74633113e+01  1.74080826e+02 
 2.75357120e+01  1.74365906e+02 
 2.76045934e+01  1.74581432e+02 
 2.76705602e+01  1.74743855e+02 
 2.77340817e+01  1.74865822e+02 
 2.77955229e+01  1.74957019e+02 
 2.78551677e+01  1.75024845e+02 
 2.79132374e+01  1.75074938e+02 
 2.79699046e+01  1.75111580e+02 
 2.80253039e+01  1.75138013e+02 
 2.80795402e+01  1.75156682e+02 
 2.81326943e+01  1.75169413e+02 
 2.81848278e+01  1.75177561e+02 
 2.82359855e+01  1.75182105e+02 
 2.82861974e+01  1.75183727e+02 
 2.83354795e+01  1.75182867e+02 
 2.83838331e+01  1.75179752e+02 
 2.84312433e+01  1.75174418e+02 
 2.84776765e+01  1.75166709e+02 
 2.85230754e+01  1.75156263e+02 
 2.85673532e+01  1.75142482e+02 
 2.86103843e+01  1.75124486e+02 
 2.86519926e+01  1.75101030e+02 
 2.86919350e+01  1.75070412e+02 
 2.87298790e+01  1.75030327e+02 
 2.87653738e+01  1.74977685e+02 
 2.87978104e+01  1.74908362e+02 
 2.88263695e+01  1.74816889e+02 
 2.88499522e+01  1.74696049e+02 
 2.88670899e+01  1.74536369e+02 
 2.88758259e+01  1.74325522e+02 
 2.88735660e+01  1.74047628e+02 
 2.88568903e+01  1.73682509e+02 
 2.88213268e+01  1.73205005e+02 
 2.87610940e+01  1.72584526e+02 
 2.86688369e+01  1.71785139e+02 
 2.85354108e+01  1.70766611e+02 
 2.83498156e+01  1.69486847e+02 
 2.80994343e+01  1.67906101e+02 
 2.77707711e+01  1.65992896e+02 
 2.73508531e+01  1.63730929e+02 
 2.68292913e+01  1.61125368e+02 
 2.62006838e+01  1.58206495e+02 
 2.54666927e+01  1.55028991e+02 
 2.46369993e+01  1.51666435e+02 
 2.37286218e+01  1.48202313e+02 
 2.27637053e+01  1.44719965e+02 
 2.17664790e+01  1.41293952e+02 
 2.07602904e+01  1.37984424e+02 
 1.97654074e+01  1.34834850e+02 
 1.87978493e+01  1.31872496e+02 
 1.78691420e+01  1.29110659e+02 
 1.69867038e+01  1.26551667e+02 
 1.61545539e+01  1.24189930e+02 
 1.53741059e+01  1.22014630e+02 
 1.46449045e+01  1.20011869e+02 
 1.39652411e+01  1.18166276e+02 
 1.33326302e+01  1.16462133e+02 
 1.27441602e+01  1.14884109e+02 
 1.21967397e+01  1.13417717e+02 
 1.16872628e+01  1.12049554e+02 
 1.12127148e+01  1.10767409e+02 
 1.07702351e+01  1.09560273e+02 
 1.03571520e+01  1.08418297e+02 
 9.97099605e+00  1.07332718e+02 
 9.60950251e+00  1.06295761e+02 
 9.27060474e+00  1.05300546e+02 
 8.95242349e+00  1.04340984e+02 
 8.65325369e+00  1.03411688e+02 
 8.37155029e+00  1.02507883e+02 
 8.10591402e+00  1.01625330e+02 
 7.85507770e+00  1.00760248e+02 
 7.61789334e+00  9.99092586e+01 
 7.39332023e+00  9.90693215e+01 
 7.18041404e+00  9.82376894e+01 
 6.97831699e+00  9.74118632e+01 
 6.78624894e+00  9.65895543e+01 
 6.60349945e+00  9.57686519e+01 
 6.42942069e+00  9.49471957e+01 
 6.26342103e+00  9.41233523e+01 
 6.10495945e+00  9.32953956e+01 
 5.95354044e+00  9.24616914e+01 
 5.80870956e+00  9.16206846e+01 
 5.67004940e+00  9.07708900e+01 
 5.53717604e+00  8.99108859e+01 
 5.40973584e+00  8.90393099e+01 
 5.28740263e+00  8.81548575e+01 
 5.16987516e+00  8.72562831e+01 
 5.05687481e+00  8.63424023e+01 
 4.94814360e+00  8.54120968e+01 
 4.84344230e+00  8.44643206e+01 
 4.74254884e+00  8.34981070e+01 
 4.64525683e+00  8.25125781e+01 
 4.55137422e+00  8.15069535e+01 
 4.46072209e+00  8.04805610e+01 
 4.37313360e+00  7.94328470e+01 
 4.28845299e+00  7.83633865e+01 
 4.20653470e+00  7.72718940e+01 
 4.12724257e+00  7.61582323e+01 
 4.05044911e+00  7.50224217e+01 
 3.97603482e+00  7.38646470e+01 
 3.90388764e+00  7.26852634e+01 
 3.83390232e+00  7.14848008e+01 
 3.76597998e+00  7.02639654e+01 
 3.70002763e+00  6.90236400e+01 
 3.63595774e+00  6.77648811e+01 
 3.57368789e+00  6.64889143e+01 
 3.51314036e+00  6.51971267e+01 
 3.45424185e+00  6.38910575e+01 
 3.39692317e+00  6.25723858e+01 
 3.34111898e+00  6.12429165e+01 
 3.28676749e+00  5.99045649e+01 
 3.23381028e+00  5.85593386e+01 
 3.18219204e+00  5.72093192e+01 
 3.13186041e+00  5.58566428e+01 
 3.08276576e+00  5.45034795e+01 
 3.03486106e+00  5.31520135e+01 
 2.98810165e+00  5.18044232e+01 
 2.94244519e+00  5.04628615e+01 
 2.89785142e+00  4.91294375e+01 
 2.85428212e+00  4.78061995e+01 
 2.81170093e+00  4.64951188e+01 
 2.77007327e+00  4.51980760e+01 
 2.72936623e+00  4.39168485e+01 
 2.68954847e+00  4.26531004e+01 
 2.65059013e+00  4.14083739e+01 
 2.61246275e+00  4.01840831e+01 
 2.57513919e+00  3.89815093e+01 
 2.53859354e+00  3.78017987e+01 
 2.50280108e+00  3.66459614e+01 
 2.46773821e+00  3.55148719e+01 
 2.43338234e+00  3.44092715e+01 
 2.39971193e+00  3.33297718e+01 
 2.36670632e+00  3.22768589e+01 
 2.33434578e+00  3.12508991e+01 
 2.30261140e+00  3.02521453e+01 
 2.27148509e+00  2.92807430e+01 
 2.24094947e+00  2.83367384e+01 
 2.21098792e+00  2.74200852e+01 
 2.18158448e+00  2.65306524e+01 
 2.15272384e+00  2.56682323e+01 
 2.12439128e+00  2.48325473e+01 
 2.09657269e+00  2.40232579e+01 
 2.06925448e+00  2.32399696e+01 
 2.04242360e+00  2.24822400e+01 
 2.01606749e+00  2.17495848e+01 
 1.99017408e+00  2.10414847e+01 
 1.96473171e+00  2.03573906e+01 
 1.93972919e+00  1.96967292e+01 
 1.91515571e+00  1.90589079e+01 
 1.89100084e+00  1.84433195e+01 
 1.86725455e+00  1.78493459e+01 
 1.84390712e+00  1.72763626e+01 
 1.82094920e+00  1.67237412e+01 
 1.79837174e+00  1.61908533e+01 
 1.77616599e+00  1.56770723e+01 
 1.75432350e+00  1.51817765e+01 
 1.73283610e+00  1.47043507e+01 
 1.71169587e+00  1.42441882e+01 
 1.69089516e+00  1.38006921e+01 
 1.67042654e+00  1.33732768e+01 
 1.65028283e+00  1.29613691e+01 
 1.63045705e+00  1.25644089e+01 
 1.61094245e+00  1.21818499e+01 
 1.59173248e+00  1.18131605e+01 
 1.57282078e+00  1.14578237e+01 
 1.55420116e+00  1.11153379e+01 
 1.53586763e+00  1.07852166e+01 
 1.51781436e+00  1.04669888e+01 
 1.50003569e+00  1.01601990e+01 
 1.48252611e+00  9.86440682e+00 
 1.46528027e+00  9.57918728e+00 
 1.44829294e+00  9.30413029e+00 
 1.43155906e+00  9.03884055e+00 
 1.41507370e+00  8.78293724e+00 
 1.39883203e+00  8.53605373e+00 
 1.38282938e+00  8.29783722e+00 
 1.36706117e+00  8.06794843e+00 
 1.35152296e+00  7.84606119e+00 
 1.33621041e+00  7.63186207e+00 
 1.32111929e+00  7.42505001e+00 
 1.30624546e+00  7.22533592e+00 
 1.29158489e+00  7.03244229e+00 
 1.27713366e+00  6.84610275e+00 
 1.26288792e+00  6.66606177e+00 
 1.24884392e+00  6.49207418e+00 
 1.23499799e+00  6.32390485e+00 
 1.22134657e+00  6.16132828e+00 
 1.20788615e+00  6.00412824e+00 
 1.19461332e+00  5.85209742e+00 
 1.18152473e+00  5.70503708e+00 
 1.16861711e+00  5.56275668e+00 
 1.15588727e+00  5.42507358e+00 
 1.14333209e+00  5.29181271e+00 
 1.13094851e+00  5.16280626e+00 
 1.11873353e+00  5.03789337e+00 
 1.10668423e+00  4.91691985e+00 
 1.09479774e+00  4.79973787e+00 
 1.08307126e+00  4.68620577e+00 
 1.07150204e+00  4.57618769e+00 
 1.06008739e+00  4.46955342e+00 
 1.04882467e+00  4.36617809e+00 
 1.03771131e+00  4.26594197e+00 
 1.02674477e+00  4.16873026e+00 
 1.01592259e+00  4.07443286e+00 
 1.00524234e+00  3.98294415e+00 
 9.94701634e-01  3.89416285e+00 
 9.84298149e-01  3.80799177e+00 
 9.74029599e-01  3.72433768e+00 
 9.63893746e-01  3.64311110e+00 
 9.53888395e-01  3.56422619e+00 
 9.44011396e-01  3.48760053e+00 
 9.34260639e-01  3.41315501e+00 
 9.24634055e-01  3.34081368e+00 
 9.15129616e-01  3.27050361e+00 
 9.05745331e-01  3.20215477e+00 
 8.96479251e-01  3.13569989e+00 
 8.87329461e-01  3.07107434e+00 
 8.78294083e-01  3.00821604e+00 
 8.69371275e-01  2.94706531e+00 
 8.60559230e-01  2.88756481e+00 
 8.51856175e-01  2.82965943e+00 
 8.43260371e-01  2.77329617e+00 
 8.34770109e-01  2.71842406e+00 
 8.26383716e-01  2.66499410e+00 
 8.18099545e-01  2.61295915e+00 
 8.09915984e-01  2.56227386e+00 
 8.01831449e-01  2.51289458e+00 
 7.93844386e-01  2.46477933e+00 
 7.85953267e-01  2.41788766e+00 
 7.78156596e-01  2.37218068e+00 
 7.70452902e-01  2.32762090e+00 
 7.62840740e-01  2.28417224e+00 
 7.55318693e-01  2.24179994e+00 
 7.47885371e-01  2.20047051e+00 
 7.40539406e-01  2.16015168e+00 
 7.33279456e-01  2.12081236e+00 
 7.26104204e-01  2.08242258e+00 
 7.19012356e-01  2.04495344e+00 
 7.12002642e-01  2.00837708e+00 
 7.05073814e-01  1.97266663e+00 
 6.98224646e-01  1.93779618e+00 
 6.91453934e-01  1.90374072e+00 
 6.84760497e-01  1.87047613e+00 
 6.78143174e-01  1.83797913e+00 
 6.71600823e-01  1.80622726e+00 
 6.65132325e-01  1.77519881e+00 
 6.58736578e-01  1.74487284e+00 
 6.52412502e-01  1.71522912e+00 
 6.46159035e-01  1.68624813e+00 
 6.39975134e-01  1.65791098e+00 
 6.33859772e-01  1.63019945e+00 
 6.27811943e-01  1.60309590e+00 
 6.21830658e-01  1.57658331e+00 
 6.15914943e-01  1.55064522e+00 
 6.10063844e-01  1.52526570e+00 
 6.04276421e-01  1.50042937e+00 
 5.98551753e-01  1.47612134e+00 
 5.92888932e-01  1.45232721e+00 
 5.87287068e-01  1.42903304e+00 
 5.81745285e-01  1.40622536e+00 
 5.76262722e-01  1.38389111e+00 
 5.70838535e-01  1.36201768e+00 
 5.65471891e-01  1.34059284e+00 
 5.60161974e-01  1.31960474e+00 
 5.54907981e-01  1.29904194e+00 
 5.49709123e-01  1.27889332e+00 
 5.44564623e-01  1.25914813e+00 
 5.39473719e-01  1.23979595e+00 
 5.34435662e-01  1.22082670e+00 
 5.29449714e-01  1.20223057e+00 
 5.24515151e-01  1.18399809e+00 
 5.19631260e-01  1.16612007e+00 
 5.14797341e-01  1.14858758e+00 
 5.10012706e-01  1.13139200e+00 
 5.05276678e-01  1.11452492e+00 
 5.00588590e-01  1.09797823e+00 
 4.95947788e-01  1.08174403e+00 
 4.91353629e-01  1.06581466e+00 
 4.86805480e-01  1.05018270e+00 
 4.82302719e-01  1.03484094e+00 
 4.77844732e-01  1.01978238e+00 
 4.73430919e-01  1.00500022e+00 
 4.69060688e-01  9.90487875e-01 
 4.64733456e-01  9.76238929e-01 
 4.60448650e-01  9.62247161e-01 
 4.56205707e-01  9.48506529e-01 
 gmid1.5         gain1.5        
 2.50370802e+01  2.15610004e+02 
 2.54220921e+01  2.32989056e+02 
 2.57401482e+01  2.48336843e+02 
 2.60039860e+01  2.61536111e+02 
 2.62243200e+01  2.72629111e+02 
 2.64099818e+01  2.81771080e+02 
 2.65681424e+01  2.89182804e+02 
 2.67045550e+01  2.95111152e+02 
 2.68237958e+01  2.99800955e+02 
 2.69294796e+01  3.03477808e+02 
 2.70244462e+01  3.06339521e+02 
 2.71109178e+01  3.08553538e+02 
 2.71906281e+01  3.10257995e+02 
 2.72649264e+01  3.11564687e+02 
 2.73348614e+01  3.12562786e+02 
 2.74012469e+01  3.13322639e+02 
 2.74647144e+01  3.13899265e+02 
 2.75257534e+01  3.14335411e+02 
 2.75847439e+01  3.14664111e+02 
 2.76419804e+01  3.14910775e+02 
 2.76976914e+01  3.15094878e+02 
 2.77520537e+01  3.15231281e+02 
 2.78052040e+01  3.15331281e+02 
 2.78572467e+01  3.15403412e+02 
 2.79082606e+01  3.15454071e+02 
 2.79583029e+01  3.15487985e+02 
 2.80074119e+01  3.15508560e+02 
 2.80556090e+01  3.15518142e+02 
 2.81028982e+01  3.15518188e+02 
 2.81492653e+01  3.15509375e+02 
 2.81946752e+01  3.15491648e+02 
 2.82390677e+01  3.15464212e+02 
 2.82823510e+01  3.15425464e+02 
 2.83243930e+01  3.15372858e+02 
 2.83650089e+01  3.15302702e+02 
 2.84039444e+01  3.15209856e+02 
 2.84408539e+01  3.15087329e+02 
 2.84752702e+01  3.14925733e+02 
 2.85065647e+01  3.14712568e+02 
 2.85338957e+01  3.14431309e+02 
 2.85561387e+01  3.14060255e+02 
 2.85717974e+01  3.13571120e+02 
 2.85788874e+01  3.12927390e+02 
 2.85747907e+01  3.12082498e+02 
 2.85560743e+01  3.10978038e+02 
 2.85182762e+01  3.09542359e+02 
 2.84556656e+01  3.07690190e+02 
 2.83610058e+01  3.05324218e+02 
 2.82253732e+01  3.02339793e+02 
 2.80381307e+01  2.98633908e+02 
 2.77871977e+01  2.94118965e+02 
 2.74597911e+01  2.88740329e+02 
 2.70437713e+01  2.82494481e+02 
 2.65295715e+01  2.75442485e+02 
 2.59124028e+01  2.67713125e+02 
 2.51941273e+01  2.59492495e+02 
 2.43840911e+01  2.51001535e+02 
 2.34984677e+01  2.42467569e+02 
 2.25582184e+01  2.34097672e+02 
 2.15862930e+01  2.26059942e+02 
 2.06048873e+01  2.18474977e+02 
 1.96333861e+01  2.11416373e+02 
 1.86872398e+01  2.04917181e+02 
 1.77776932e+01  1.98979042e+02 
 1.69121080e+01  1.93581543e+02 
 1.60945992e+01  1.88690362e+02 
 1.53267657e+01  1.84263645e+02 
 1.46083799e+01  1.80256610e+02 
 1.39379699e+01  1.76624624e+02 
 1.33132769e+01  1.73325115e+02 
 1.27315959e+01  1.70318629e+02 
 1.21900170e+01  1.67569316e+02 
 1.16855904e+01  1.65045042e+02 
 1.12154337e+01  1.62717279e+02 
 1.07767972e+01  1.60560866e+02 
 1.03671012e+01  1.58553708e+02 
 9.98395305e+00  1.56676462e+02 
 9.62515090e+00  1.54912221e+02 
 9.28868032e+00  1.53246219e+02 
 8.97270508e+00  1.51665564e+02 
 8.67555572e+00  1.50158994e+02 
 8.39571664e+00  1.48716665e+02 
 8.13181307e+00  1.47329961e+02 
 7.88259822e+00  1.45991329e+02 
 7.64694116e+00  1.44694138e+02 
 7.42381552e+00  1.43432554e+02 
 7.21228905e+00  1.42201433e+02 
 7.01151421e+00  1.40996223e+02 
 6.82071958e+00  1.39812889e+02 
 6.63920219e+00  1.38647836e+02 
 6.46632062e+00  1.37497852e+02 
 6.30148879e+00  1.36360053e+02 
 6.14417048e+00  1.35231833e+02 
 5.99387440e+00  1.34110826e+02 
 5.85014976e+00  1.32994870e+02 
 5.71258237e+00  1.31881973e+02 
 5.58079114e+00  1.30770287e+02 
 5.45442494e+00  1.29658082e+02 
 5.33315979e+00  1.28543728e+02 
 5.21669638e+00  1.27425674e+02 
 5.10475779e+00  1.26302431e+02 
 4.99708753e+00  1.25172563e+02 
 4.89344768e+00  1.24034671e+02 
 4.79361730e+00  1.22887386e+02 
 4.69739094e+00  1.21729362e+02 
 4.60457737e+00  1.20559269e+02 
 4.51499832e+00  1.19375793e+02 
 4.42848750e+00  1.18177630e+02 
 4.34488953e+00  1.16963489e+02 
 4.26405915e+00  1.15732095e+02 
 4.18586033e+00  1.14482188e+02 
 4.11016564e+00  1.13212536e+02 
 4.03685553e+00  1.11921933e+02 
 3.96581775e+00  1.10609217e+02 
 3.89694681e+00  1.09273274e+02 
 3.83014345e+00  1.07913051e+02 
 3.76531424e+00  1.06527572e+02 
 3.70237111e+00  1.05115948e+02 
 3.64123101e+00  1.03677394e+02 
 3.58181553e+00  1.02211245e+02 
 3.52405060e+00  1.00716973e+02 
 3.46786619e+00  9.91942006e+01 
 3.41319603e+00  9.76427178e+01 
 3.35997738e+00  9.60624985e+01 
 3.30815078e+00  9.44537137e+01 
 3.25765988e+00  9.28167440e+01 
 3.20845116e+00  9.11521911e+01 
 3.16047387e+00  8.94608857e+01 
 3.11367974e+00  8.77438939e+01 
 3.06802292e+00  8.60025200e+01 
 3.02345979e+00  8.42383058e+01 
 2.97994885e+00  8.24530274e+01 
 2.93745056e+00  8.06486872e+01 
 2.89592729e+00  7.88275033e+01 
 2.85534315e+00  7.69918944e+01 
 2.81566393e+00  7.51444619e+01 
 2.77685699e+00  7.32879686e+01 
 2.73889118e+00  7.14253146e+01 
 2.70173678e+00  6.95595106e+01 
 2.66536538e+00  6.76936495e+01 
 2.62974985e+00  6.58308770e+01 
 2.59486427e+00  6.39743606e+01 
 2.56068384e+00  6.21272595e+01 
 2.52718487e+00  6.02926941e+01 
 2.49434467e+00  5.84737173e+01 
 2.46214157e+00  5.66732872e+01 
 2.43055478e+00  5.48942415e+01 
 2.39956445e+00  5.31392751e+01 
 2.36915154e+00  5.14109201e+01 
 2.33929783e+00  4.97115287e+01 
 2.30998587e+00  4.80432602e+01 
 2.28119893e+00  4.64080700e+01 
 2.25292101e+00  4.48077030e+01 
 2.22513674e+00  4.32436891e+01 
 2.19783142e+00  4.17173426e+01 
 2.17099094e+00  4.02297639e+01 
 2.14460178e+00  3.87818433e+01 
 2.11865099e+00  3.73742678e+01 
 2.09312612e+00  3.60075291e+01 
 2.06801526e+00  3.46819334e+01 
 2.04330698e+00  3.33976127e+01 
 2.01899031e+00  3.21545364e+01 
 1.99505472e+00  3.09525240e+01 
 1.97149013e+00  2.97912584e+01 
 1.94828684e+00  2.86702986e+01 
 1.92543557e+00  2.75890931e+01 
 1.90292738e+00  2.65469928e+01 
 1.88075372e+00  2.55432631e+01 
 1.85890635e+00  2.45770962e+01 
 1.83737738e+00  2.36476224e+01 
 1.81615923e+00  2.27539207e+01 
 1.79524461e+00  2.18950287e+01 
 1.77462651e+00  2.10699519e+01 
 1.75429822e+00  2.02776721e+01 
 1.73425327e+00  1.95171550e+01 
 1.71448543e+00  1.87873572e+01 
 1.69498873e+00  1.80872321e+01 
 1.67575742e+00  1.74157360e+01 
 1.65678596e+00  1.67718320e+01 
 1.63806903e+00  1.61544951e+01 
 1.61960148e+00  1.55627150e+01 
 1.60137839e+00  1.49954998e+01 
 1.58339499e+00  1.44518783e+01 
 1.56564669e+00  1.39309020e+01 
 1.54812906e+00  1.34316469e+01 
 1.53083782e+00  1.29532152e+01 
 1.51376887e+00  1.24947358e+01 
 1.49691820e+00  1.20553651e+01 
 1.48028198e+00  1.16342880e+01 
 1.46385647e+00  1.12307174e+01 
 1.44763810e+00  1.08438948e+01 
 1.43162336e+00  1.04730901e+01 
 1.41580889e+00  1.01176010e+01 
 1.40019142e+00  9.77675315e+00 
 1.38476778e+00  9.44989917e+00 
 1.36953489e+00  9.13641842e+00 
 1.35448977e+00  8.83571621e+00 
 1.33962953e+00  8.54722317e+00 
 1.32495133e+00  8.27039448e+00 
 1.31045246e+00  8.00470914e+00 
 1.29613022e+00  7.74966916e+00 
 1.28198203e+00  7.50479879e+00 
 1.26800536e+00  7.26964368e+00 
 1.25419774e+00  7.04377009e+00 
 1.24055675e+00  6.82676410e+00 
 1.22708005e+00  6.61823079e+00 
 1.21376535e+00  6.41779349e+00 
 1.20061038e+00  6.22509299e+00 
 1.18761296e+00  6.03978679e+00 
 1.17477094e+00  5.86154838e+00 
 1.16208221e+00  5.69006655e+00 
 1.14954470e+00  5.52504467e+00 
 1.13715640e+00  5.36620002e+00 
 1.12491532e+00  5.21326321e+00 
 1.11281951e+00  5.06597748e+00 
 1.10086705e+00  4.92409818e+00 
 1.08905609e+00  4.78739216e+00 
 1.07738475e+00  4.65563721e+00 
 1.06585124e+00  4.52862159e+00 
 1.05445376e+00  4.40614348e+00 
 1.04319055e+00  4.28801052e+00 
 1.03205990e+00  4.17403935e+00 
 1.02106009e+00  4.06405516e+00 
 1.01018944e+00  3.95789131e+00 
 9.99446308e-01  3.85538888e+00 
 9.88829059e-01  3.75639635e+00 
 9.78336086e-01  3.66076919e+00 
 9.67965805e-01  3.56836953e+00 
 9.57716652e-01  3.47906584e+00 
 9.47587086e-01  3.39273265e+00 
 9.37575585e-01  3.30925018e+00 
 9.27680646e-01  3.22850413e+00 
 9.17900787e-01  3.15038538e+00 
 9.08234543e-01  3.07478973e+00 
 8.98680468e-01  3.00161768e+00 
 8.89237135e-01  2.93077420e+00 
 8.79903133e-01  2.86216850e+00 
 8.70677070e-01  2.79571382e+00 
 8.61557568e-01  2.73132726e+00 
 8.52543269e-01  2.66892956e+00 
 8.43632828e-01  2.60844496e+00 
 8.34824918e-01  2.54980101e+00 
 8.26118228e-01  2.49292839e+00 
 8.17511462e-01  2.43776082e+00 
 8.09003339e-01  2.38423486e+00 
 8.00592592e-01  2.33228978e+00 
 7.92277973e-01  2.28186749e+00 
 7.84058244e-01  2.23291232e+00 
 7.75932184e-01  2.18537099e+00 
 7.67898586e-01  2.13919246e+00 
 7.59956259e-01  2.09432782e+00 
 7.52104022e-01  2.05073021e+00 
 7.44340713e-01  2.00835471e+00 
 7.36665179e-01  1.96715826e+00 
 7.29076285e-01  1.92709956e+00 
 7.21572907e-01  1.88813901e+00 
 7.14153935e-01  1.85023863e+00 
 7.06818273e-01  1.81336194e+00 
 6.99564837e-01  1.77747398e+00 
 6.92392559e-01  1.74254115e+00 
 6.85300381e-01  1.70853122e+00 
 6.78287258e-01  1.67541321e+00 
 6.71352161e-01  1.64315738e+00 
 6.64494071e-01  1.61173515e+00 
 6.57711982e-01  1.58111908e+00 
 6.51004902e-01  1.55128275e+00 
 6.44371849e-01  1.52220080e+00 
 6.37811855e-01  1.49384884e+00 
 6.31323964e-01  1.46620339e+00 
 6.24907233e-01  1.43924188e+00 
 6.18560730e-01  1.41294260e+00 
 6.12283535e-01  1.38728464e+00 
 6.06074740e-01  1.36224789e+00 
 5.99933448e-01  1.33781299e+00 
 5.93858776e-01  1.31396127e+00 
 5.87849850e-01  1.29067478e+00 
 5.81905808e-01  1.26793621e+00 
 5.76025802e-01  1.24572889e+00 
 5.70208991e-01  1.22403675e+00 
 5.64454548e-01  1.20284430e+00 
 5.58761656e-01  1.18213662e+00 
 5.53129510e-01  1.16189930e+00 
 5.47557314e-01  1.14211845e+00 
 5.42044285e-01  1.12278069e+00 
 5.36589649e-01  1.10387307e+00 
 5.31192642e-01  1.08538314e+00 
 5.25852513e-01  1.06729885e+00 
 5.20568519e-01  1.04960858e+00 
 5.15339928e-01  1.03230111e+00 
 5.10166017e-01  1.01536560e+00 
 5.05046076e-01  9.98791571e-01 
 4.99979401e-01  9.82568923e-01 
 4.94965300e-01  9.66687877e-01 
 4.90003091e-01  9.51138990e-01 
 4.85092101e-01  9.35913131e-01 
 4.80231666e-01  9.21001473e-01 
 4.75421131e-01  9.06395480e-01 
 4.70659851e-01  8.92086899e-01 
 4.65947190e-01  8.78067744e-01 
 4.61282522e-01  8.64330290e-01 
 4.56665229e-01  8.50867060e-01 
 gmid2           gain2          
 2.50846257e+01  2.85065361e+02 
 2.54518836e+01  3.14491091e+02 
 2.57551512e+01  3.41530351e+02 
 2.60067207e+01  3.65622830e+02 
 2.62168821e+01  3.86503644e+02 
 2.63940878e+01  4.04167966e+02 
 2.65451816e+01  4.18805005e+02 
 2.66756445e+01  4.30724599e+02 
 2.67898288e+01  4.40292726e+02 
 2.68911686e+01  4.47883447e+02 
 2.69823593e+01  4.53848069e+02 
 2.70655088e+01  4.58498642e+02 
 2.71422608e+01  4.62101738e+02 
 2.72138937e+01  4.64878722e+02 
 2.72814006e+01  4.67009596e+02 
 2.73455517e+01  4.68638442e+02 
 2.74069443e+01  4.69879203e+02 
 2.74660410e+01  4.70821150e+02 
 2.75231999e+01  4.71533716e+02 
 2.75786982e+01  4.72070574e+02 
 2.76327498e+01  4.72472998e+02 
 2.76855191e+01  4.72772569e+02 
 2.77371315e+01  4.72993314e+02 
 2.77876809e+01  4.73153378e+02 
 2.78372354e+01  4.73266317e+02 
 2.78858406e+01  4.73342074e+02 
 2.79335219e+01  4.73387707e+02 
 2.79802847e+01  4.73407902e+02 
 2.80261139e+01  4.73405324e+02 
 2.80709708e+01  4.73380802e+02 
 2.81147886e+01  4.73333386e+02 
 2.81574661e+01  4.73260255e+02 
 2.81988577e+01  4.73156489e+02 
 2.82387606e+01  4.73014668e+02 
 2.82768965e+01  4.72824290e+02 
 2.83128879e+01  4.72570952e+02 
 2.83462262e+01  4.72235255e+02 
 2.83762292e+01  4.71791373e+02 
 2.84019854e+01  4.71205234e+02 
 2.84222815e+01  4.70432252e+02 
 2.84355081e+01  4.69414626e+02 
 2.84395398e+01  4.68078253e+02 
 2.84315854e+01  4.66329518e+02 
 2.84080059e+01  4.64052426e+02 
 2.83641041e+01  4.61106995e+02 
 2.82938982e+01  4.57330306e+02 
 2.81899141e+01  4.52542156e+02 
 2.80430552e+01  4.46557518e+02 
 2.78426529e+01  4.39207498e+02 
 2.75768379e+01  4.30368546e+02 
 2.72333853e+01  4.19996151e+02 
 2.68011267e+01  4.08154876e+02 
 2.62718509e+01  3.95033839e+02 
 2.56423426e+01  3.80938504e+02 
 2.49159623e+01  3.66256977e+02 
 2.41031438e+01  3.51408807e+02 
 2.32204909e+01  3.36790987e+02 
 2.22886760e+01  3.22735473e+02 
 2.13297720e+01  3.09486140e+02 
 2.03647582e+01  2.97195150e+02 
 1.94117252e+01  2.85933370e+02 
 1.84849509e+01  2.75707905e+02 
 1.75947395e+01  2.66481022e+02 
 1.67477752e+01  2.58186959e+02 
 1.59477381e+01  2.50745127e+02 
 1.51959895e+01  2.44069562e+02 
 1.44922099e+01  2.38075144e+02 
 1.38349350e+01  2.32681344e+02 
 1.32219763e+01  2.27814198e+02 
 1.26507337e+01  2.23407125e+02 
 1.21184181e+01  2.19400999e+02 
 1.16222041e+01  2.15743801e+02 
 1.11593294e+01  2.12390056e+02 
 1.07271564e+01  2.09300160e+02 
 1.03232071e+01  2.06439714e+02 
 9.94517912e+00  2.03778871e+02 
 9.59095087e+00  2.01291744e+02 
 9.25857775e+00  1.98955871e+02 
 8.94628437e+00  1.96751749e+02 
 8.65245397e+00  1.94662423e+02 
 8.37561657e+00  1.92673129e+02 
 8.11443677e+00  1.90770993e+02 
 7.86770182e+00  1.88944768e+02 
 7.63431021e+00  1.87184606e+02 
 7.41326098e+00  1.85481872e+02 
 7.20364394e+00  1.83828974e+02 
 7.00463066e+00  1.82219224e+02 
 6.81546638e+00  1.80646718e+02 
 6.63546262e+00  1.79106227e+02 
 6.46399061e+00  1.77593112e+02 
 6.30047540e+00  1.76103243e+02 
 6.14439051e+00  1.74632933e+02 
 5.99525324e+00  1.73178876e+02 
 5.85262039e+00  1.71738101e+02 
 5.71608451e+00  1.70307921e+02 
 5.58527049e+00  1.68885897e+02 
 5.45983252e+00  1.67469803e+02 
 5.33945140e+00  1.66057592e+02 
 5.22383209e+00  1.64647370e+02 
 5.11270154e+00  1.63237375e+02 
 5.00580672e+00  1.61825947e+02 
 4.90291286e+00  1.60411518e+02 
 4.80380187e+00  1.58992586e+02 
 4.70827091e+00  1.57567706e+02 
 4.61613111e+00  1.56135473e+02 
 4.52720638e+00  1.54694510e+02 
 4.44133240e+00  1.53243460e+02 
 4.35835563e+00  1.51780975e+02 
 4.27813246e+00  1.50305709e+02 
 4.20052845e+00  1.48816313e+02 
 4.12541757e+00  1.47311432e+02 
 4.05268159e+00  1.45789699e+02 
 3.98220947e+00  1.44249738e+02 
 3.91389684e+00  1.42690164e+02 
 3.84764549e+00  1.41109583e+02 
 3.78336293e+00  1.39506599e+02 
 3.72096197e+00  1.37879820e+02 
 3.66036035e+00  1.36227866e+02 
 3.60148042e+00  1.34549377e+02 
 3.54424876e+00  1.32843030e+02 
 3.48859594e+00  1.31107547e+02 
 3.43445626e+00  1.29341714e+02 
 3.38176744e+00  1.27544399e+02 
 3.33047046e+00  1.25714568e+02 
 3.28050933e+00  1.23851310e+02 
 3.23183086e+00  1.21953852e+02 
 3.18438453e+00  1.20021587e+02 
 3.13812230e+00  1.18054095e+02 
 3.09299847e+00  1.16051163e+02 
 3.04896952e+00  1.14012810e+02 
 3.00599398e+00  1.11939307e+02 
 2.96403234e+00  1.09831195e+02 
 2.92304690e+00  1.07689304e+02 
 2.88300168e+00  1.05514766e+02 
 2.84386231e+00  1.03309026e+02 
 2.80559596e+00  1.01073847e+02 
 2.76817124e+00  9.88113135e+01 
 2.73155814e+00  9.65238299e+01 
 2.69572794e+00  9.42141090e+01 
 2.66065312e+00  9.18851608e+01 
 2.62630735e+00  8.95402728e+01 
 2.59266540e+00  8.71829859e+01 
 2.55970307e+00  8.48170648e+01 
 2.52739718e+00  8.24464645e+01 
 2.49572548e+00  8.00752926e+01 
 2.46466663e+00  7.77077683e+01 
 2.43420015e+00  7.53481790e+01 
 2.40430637e+00  7.30008364e+01 
 2.37496642e+00  7.06700307e+01 
 2.34616217e+00  6.83599870e+01 
 2.31787622e+00  6.60748219e+01 
 2.29009184e+00  6.38185036e+01 
 2.26279297e+00  6.15948143e+01 
 2.23596417e+00  5.94073174e+01 
 2.20959063e+00  5.72593283e+01 
 2.18365808e+00  5.51538909e+01 
 2.15815286e+00  5.30937585e+01 
 2.13306180e+00  5.10813802e+01 
 2.10837229e+00  4.91188922e+01 
 2.08407218e+00  4.72081143e+01 
 2.06014984e+00  4.53505507e+01 
 2.03659406e+00  4.35473951e+01 
 2.01339412e+00  4.17995397e+01 
 1.99053970e+00  4.01075872e+01 
 1.96802090e+00  3.84718656e+01 
 1.94582823e+00  3.68924453e+01 
 1.92395258e+00  3.53691577e+01 
 1.90238522e+00  3.39016150e+01 
 1.88111778e+00  3.24892306e+01 
 1.86014222e+00  3.11312398e+01 
 1.83945086e+00  2.98267207e+01 
 1.81903633e+00  2.85746142e+01 
 1.79889158e+00  2.73737437e+01 
 1.77900984e+00  2.62228335e+01 
 1.75938467e+00  2.51205267e+01 
 1.74000987e+00  2.40654015e+01 
 1.72087952e+00  2.30559865e+01 
 1.70198797e+00  2.20907744e+01 
 1.68332982e+00  2.11682349e+01 
 1.66489988e+00  2.02868258e+01 
 1.64669323e+00  1.94450030e+01 
 1.62870514e+00  1.86412295e+01 
 1.61093110e+00  1.78739831e+01 
 1.59336682e+00  1.71417630e+01 
 1.57600817e+00  1.64430955e+01 
 1.55885123e+00  1.57765384e+01 
 1.54189224e+00  1.51406853e+01 
 1.52512763e+00  1.45341684e+01 
 1.50855397e+00  1.39556611e+01 
 1.49216800e+00  1.34038798e+01 
 1.47596658e+00  1.28775851e+01 
 1.45994674e+00  1.23755825e+01 
 1.44410561e+00  1.18967233e+01 
 1.42844047e+00  1.14399039e+01 
 1.41294870e+00  1.10040662e+01 
 1.39762779e+00  1.05881968e+01 
 1.38247535e+00  1.01913262e+01 
 1.36748907e+00  9.81252801e+00 
 1.35266675e+00  9.45091795e+00 
 1.33800626e+00  9.10565258e+00 
 1.32350555e+00  8.77592808e+00 
 1.30916266e+00  8.46097898e+00 
 1.29497570e+00  8.16007674e+00 
 1.28094284e+00  7.87252842e+00 
 1.26706231e+00  7.59767526e+00 
 1.25333239e+00  7.33489125e+00 
 1.23975144e+00  7.08358177e+00 
 1.22631783e+00  6.84318221e+00 
 1.21303002e+00  6.61315660e+00 
 1.19988648e+00  6.39299630e+00 
 1.18688572e+00  6.18221873e+00 
 1.17402630e+00  5.98036607e+00 
 1.16130681e+00  5.78700410e+00 
 1.14872585e+00  5.60172101e+00 
 1.13628207e+00  5.42412628e+00 
 1.12397414e+00  5.25384960e+00 
 1.11180075e+00  5.09053983e+00 
 1.09976060e+00  4.93386403e+00 
 1.08785242e+00  4.78350649e+00 
 1.07607496e+00  4.63916785e+00 
 1.06442697e+00  4.50056421e+00 
 1.05290723e+00  4.36742635e+00 
 1.04151452e+00  4.23949890e+00 
 1.03024764e+00  4.11653965e+00 
 1.01910539e+00  3.99831883e+00 
 1.00808659e+00  3.88461843e+00 
 9.97190056e-01  3.77523158e+00 
 9.86414615e-01  3.66996195e+00 
 9.75759104e-01  3.56862318e+00 
 9.65222363e-01  3.47103835e+00 
 9.54803236e-01  3.37703948e+00 
 9.44500574e-01  3.28646700e+00 
 9.34313230e-01  3.19916937e+00 
 9.24240062e-01  3.11500260e+00 
 9.14279931e-01  3.03382985e+00 
 9.04431702e-01  2.95552107e+00 
 8.94694243e-01  2.87995260e+00 
 8.85066424e-01  2.80700686e+00 
 8.75547120e-01  2.73657203e+00 
 8.66135207e-01  2.66854171e+00 
 8.56829566e-01  2.60281464e+00 
 8.47629080e-01  2.53929448e+00 
 8.38532635e-01  2.47788948e+00 
 8.29539120e-01  2.41851227e+00 
 8.20647429e-01  2.36107965e+00 
 8.11856459e-01  2.30551232e+00 
 8.03165108e-01  2.25173474e+00 
 7.94572281e-01  2.19967488e+00 
 7.86076887e-01  2.14926409e+00 
 7.77677837e-01  2.10043685e+00 
 7.69374049e-01  2.05313072e+00 
 7.61164444e-01  2.00728606e+00 
 7.53047947e-01  1.96284599e+00 
 7.45023492e-01  1.91975618e+00 
 7.37090013e-01  1.87796478e+00 
 7.29246455e-01  1.83742223e+00 
 7.21491765e-01  1.79808119e+00 
 7.13824897e-01  1.75989644e+00 
 7.06244812e-01  1.72282472e+00 
 6.98750476e-01  1.68682469e+00 
 6.91340864e-01  1.65185681e+00 
 6.84014955e-01  1.61788324e+00 
 6.76771737e-01  1.58486779e+00 
 6.69610205e-01  1.55277582e+00 
 6.62529361e-01  1.52157414e+00 
 6.55528215e-01  1.49123100e+00 
 6.48605784e-01  1.46171597e+00 
 6.41761095e-01  1.43299990e+00 
 6.34993179e-01  1.40505486e+00 
 6.28301081e-01  1.37785407e+00 
 6.21683849e-01  1.35137184e+00 
 6.15140543e-01  1.32558357e+00 
 6.08670230e-01  1.30046563e+00 
 6.02271987e-01  1.27599535e+00 
 5.95944898e-01  1.25215098e+00 
 5.89688058e-01  1.22891165e+00 
 5.83500570e-01  1.20625730e+00 
 5.77381545e-01  1.18416867e+00 
 5.71330106e-01  1.16262727e+00 
 5.65345384e-01  1.14161533e+00 
 5.59426517e-01  1.12111576e+00 
 5.53572655e-01  1.10111213e+00 
 5.47782958e-01  1.08158866e+00 
 5.42056594e-01  1.06253016e+00 
 5.36392739e-01  1.04392202e+00 
 5.30790581e-01  1.02575017e+00 
 5.25249317e-01  1.00800111e+00 
 5.19768153e-01  9.90661787e-01 
 5.14346304e-01  9.73719676e-01 
 5.08982996e-01  9.57162699e-01 
 5.03677462e-01  9.40979221e-01 
 4.98428948e-01  9.25158037e-01 
 4.93236705e-01  9.09688344e-01 
 4.88099998e-01  8.94559732e-01 
 4.83018098e-01  8.79762166e-01 
 4.77990286e-01  8.65285966e-01 
 4.73015854e-01  8.51121799e-01 
 4.68094102e-01  8.37260660e-01 
 4.63224338e-01  8.23693860e-01 
 4.58405882e-01  8.10413014e-01 
 4.53638060e-01  7.97410027e-01 
 gmid5           gain5          
 2.46741622e+01  4.11172719e+02 
 2.51163510e+01  4.99244259e+02 
 2.54796303e+01  5.97440874e+02 
 2.57785266e+01  7.03558371e+02 
 2.60254936e+01  8.14414072e+02 
 2.62309403e+01  9.26175743e+02 
 2.64034040e+01  1.03486786e+03 
 2.65497876e+01  1.13692112e+03 
 2.66756111e+01  1.22961038e+03 
 2.67852520e+01  1.31127651e+03 
 2.68821590e+01  1.38131621e+03 
 2.69690356e+01  1.43999955e+03 
 2.70479922e+01  1.48820639e+03 
 2.71206717e+01  1.52716180e+03 
 2.71883496e+01  1.55821949e+03 
 2.72520140e+01  1.58271002e+03 
 2.73124292e+01  1.60185016e+03 
 2.73701849e+01  1.61669959e+03 
 2.74257354e+01  1.62814958e+03 
 2.74794286e+01  1.63693081e+03 
 2.75315300e+01  1.64363072e+03 
 2.75822391e+01  1.64871440e+03 
 2.76317031e+01  1.65254529e+03 
 2.76800256e+01  1.65540397e+03 
 2.77272729e+01  1.65750411e+03 
 2.77734778e+01  1.65900553e+03 
 2.78186403e+01  1.66002451e+03 
 2.78627262e+01  1.66064140e+03 
 2.79056630e+01  1.66090614e+03 
 2.79473329e+01  1.66084160e+03 
 2.79875620e+01  1.66044505e+03 
 2.80261050e+01  1.65968783e+03 
 2.80626247e+01  1.65851312e+03 
 2.80966637e+01  1.65683181e+03 
 2.81276076e+01  1.65451621e+03 
 2.81546354e+01  1.65139152e+03 
 2.81766564e+01  1.64722491e+03 
 2.81922278e+01  1.64171241e+03 
 2.81994512e+01  1.63446423e+03 
 2.81958434e+01  1.62499012e+03 
 2.81781816e+01  1.61268785e+03 
 2.81423260e+01  1.59684004e+03 
 2.80830292e+01  1.57662750e+03 
 2.79937604e+01  1.55116954e+03 
 2.78665880e+01  1.51960252e+03 
 2.76921951e+01  1.48120345e+03 
 2.74601303e+01  1.43555301e+03 
 2.71594066e+01  1.38271094e+03 
 2.67795362e+01  1.32335299e+03 
 2.63119861e+01  1.25880756e+03 
 2.57518646e+01  1.19094879e+03 
 2.50994459e+01  1.12195355e+03 
 2.43610370e+01  1.05398828e+03 
 2.35488026e+01  9.88921369e+02 
 2.26794924e+01  9.28137898e+02 
 2.17724056e+01  8.72483103e+02 
 2.08471572e+01  8.22311579e+02 
 1.99217801e+01  7.77595763e+02 
 1.90114749e+01  7.38049344e+02 
 1.81280553e+01  7.03236859e+02 
 1.72799558e+01  6.72657198e+02 
 1.64725974e+01  6.45800109e+02 
 1.57089224e+01  6.22180293e+02 
 1.49899621e+01  6.01355220e+02 
 1.43153554e+01  5.82932194e+02 
 1.36837837e+01  5.66568908e+02 
 1.30933127e+01  5.51970437e+02 
 1.25416495e+01  5.38884545e+02 
 1.20263279e+01  5.27096454e+02 
 1.15448377e+01  5.16423683e+02 
 1.10947109e+01  5.06711305e+02 
 1.06735769e+01  4.97827732e+02 
 1.02791946e+01  4.89661063e+02 
 9.90946991e+00  4.82115974e+02 
 9.56246134e+00  4.75111082e+02 
 9.23637975e+00  4.68576736e+02 
 8.92958296e+00  4.62453170e+02 
 8.64056805e+00  4.56688957e+02 
 8.36796206e+00  4.51239717e+02 
 8.11051227e+00  4.46067039e+02 
 7.86707624e+00  4.41137585e+02 
 7.63661235e+00  4.36422330e+02 
 7.41817063e+00  4.31895933e+02 
 7.21088436e+00  4.27536202e+02 
 7.01396222e+00  4.23323648e+02 
 6.82668112e+00  4.19241104e+02 
 6.64837974e+00  4.15273406e+02 
 6.47845258e+00  4.11407119e+02 
 6.31634467e+00  4.07630308e+02 
 6.16154676e+00  4.03932337e+02 
 6.01359096e+00  4.00303703e+02 
 5.87204695e+00  3.96735885e+02 
 5.73651838e+00  3.93221228e+02 
 5.60663981e+00  3.89752824e+02 
 5.48207386e+00  3.86324429e+02 
 5.36250868e+00  3.82930374e+02 
 5.24765569e+00  3.79565499e+02 
 5.13724749e+00  3.76225086e+02 
 5.03103603e+00  3.72904810e+02 
 4.92879096e+00  3.69600687e+02 
 4.83029812e+00  3.66309032e+02 
 4.73535814e+00  3.63026421e+02 
 4.64378526e+00  3.59749655e+02 
 4.55540621e+00  3.56475735e+02 
 4.47005917e+00  3.53201824e+02 
 4.38759290e+00  3.49925231e+02 
 4.30786587e+00  3.46643382e+02 
 4.23074551e+00  3.43353799e+02 
 4.15610755e+00  3.40054082e+02 
 4.08383535e+00  3.36741887e+02 
 4.01381937e+00  3.33414910e+02 
 3.94595662e+00  3.30070871e+02 
 3.88015017e+00  3.26707501e+02 
 3.81630876e+00  3.23322520e+02 
 3.75434634e+00  3.19913632e+02 
 3.69418175e+00  3.16478510e+02 
 3.63573834e+00  3.13014784e+02 
 3.57894370e+00  3.09520032e+02 
 3.52372935e+00  3.05991772e+02 
 3.47003045e+00  3.02427459e+02 
 3.41778563e+00  2.98824472e+02 
 3.36693669e+00  2.95180122e+02 
 3.31742843e+00  2.91491645e+02 
 3.26920844e+00  2.87756207e+02 
 3.22222696e+00  2.83970910e+02 
 3.17643665e+00  2.80132805e+02 
 3.13179250e+00  2.76238899e+02 
 3.08825165e+00  2.72286179e+02 
 3.04577327e+00  2.68271633e+02 
 3.00431843e+00  2.64192276e+02 
 2.96385001e+00  2.60045186e+02 
 2.92433254e+00  2.55827545e+02 
 2.88573216e+00  2.51536677e+02 
 2.84801649e+00  2.47170109e+02 
 2.81115457e+00  2.42725619e+02 
 2.77511674e+00  2.38201306e+02 
 2.73987460e+00  2.33595652e+02 
 2.70540091e+00  2.28907600e+02 
 2.67166955e+00  2.24136621e+02 
 2.63865546e+00  2.19282801e+02 
 2.60633452e+00  2.14346908e+02 
 2.57468360e+00  2.09330474e+02 
 2.54368039e+00  2.04235862e+02 
 2.51330347e+00  1.99066330e+02 
 2.48353215e+00  1.93826086e+02 
 2.45434653e+00  1.88520327e+02 
 2.42572737e+00  1.83155264e+02 
 2.39765613e+00  1.77738134e+02 
 2.37011488e+00  1.72277181e+02 
 2.34308629e+00  1.66781624e+02 
 2.31655360e+00  1.61261599e+02 
 2.29050057e+00  1.55728071e+02 
 2.26491151e+00  1.50192738e+02 
 2.23977117e+00  1.44667895e+02 
 2.21506478e+00  1.39166292e+02 
 2.19077803e+00  1.33700968e+02 
 2.16689699e+00  1.28285084e+02 
 2.14340818e+00  1.22931734e+02 
 2.12029848e+00  1.17653770e+02 
 2.09755514e+00  1.12463620e+02 
 2.07516579e+00  1.07373121e+02 
 2.05311839e+00  1.02393360e+02 
 2.03140124e+00  9.75345456e+01 
 2.01000299e+00  9.28058831e+01 
 1.98891258e+00  8.82154905e+01 
 1.96811928e+00  8.37703305e+01 
 1.94761269e+00  7.94761715e+01 
 1.92738267e+00  7.53375737e+01 
 1.90741944e+00  7.13578990e+01 
 1.88771346e+00  6.75393424e+01 
 1.86825555e+00  6.38829832e+01 
 1.84903678e+00  6.03888508e+01 
 1.83004854e+00  5.70560048e+01 
 1.81128254e+00  5.38826228e+01 
 1.79273076e+00  5.08660952e+01 
 1.77438549e+00  4.80031231e+01 
 1.75623935e+00  4.52898164e+01 
 1.73828523e+00  4.27217902e+01 
 1.72051636e+00  4.02942574e+01 
 1.70292627e+00  3.80021167e+01 
 1.68550879e+00  3.58400332e+01 
 1.66825810e+00  3.38025134e+01 
 1.65116864e+00  3.18839711e+01 
 1.63423522e+00  3.00787874e+01 
 1.61745293e+00  2.83813614e+01 
 1.60081719e+00  2.67861549e+01 
 1.58432371e+00  2.52877297e+01 
 1.56796854e+00  2.38807778e+01 
 1.55174800e+00  2.25601466e+01 
 1.53565875e+00  2.13208584e+01 
 1.51969771e+00  2.01581243e+01 
 1.50386210e+00  1.90673553e+01 
 1.48814942e+00  1.80441684e+01 
 1.47255746e+00  1.70843903e+01 
 1.45708425e+00  1.61840584e+01 
 1.44172808e+00  1.53394190e+01 
 1.42648748e+00  1.45469243e+01 
 1.41136123e+00  1.38032277e+01 
 1.39634830e+00  1.31051779e+01 
 1.38144789e+00  1.24498121e+01 
 1.36665939e+00  1.18343487e+01 
 1.35198235e+00  1.12561794e+01 
 1.33741652e+00  1.07128610e+01 
 1.32296177e+00  1.02021075e+01 
 1.30861812e+00  9.72178118e+00 
 1.29438573e+00  9.26988513e+00 
 1.28026485e+00  8.84455471e+00 
 1.26625583e+00  8.44404989e+00 
 1.25235911e+00  8.06674766e+00 
 1.23857520e+00  7.71113473e+00 
 1.22490467e+00  7.37580055e+00 
 1.21134812e+00  7.05943064e+00 
 1.19790619e+00  6.76080028e+00 
 1.18457957e+00  6.47876853e+00 
 1.17136892e+00  6.21227255e+00 
 1.15827493e+00  5.96032233e+00 
 1.14529828e+00  5.72199565e+00 
 1.13243962e+00  5.49643337e+00 
 1.11969959e+00  5.28283508e+00 
 1.10707880e+00  5.08045499e+00 
 1.09457782e+00  4.88859806e+00 
 1.08219718e+00  4.70661644e+00 
 1.06993735e+00  4.53390614e+00 
 1.05779877e+00  4.36990393e+00 
 1.04578181e+00  4.21408444e+00 
 1.03388679e+00  4.06595750e+00 
 1.02211396e+00  3.92506560e+00 
 1.01046350e+00  3.79098165e+00 
 9.98935555e-01  3.66330676e+00 
 9.87530171e-01  3.54166826e+00 
 9.76247347e-01  3.42571789e+00 
 9.65087010e-01  3.31513005e+00 
 9.54049020e-01  3.20960022e+00 
 9.43133174e-01  3.10884347e+00 
 9.32339201e-01  3.01259311e+00 
 9.21666770e-01  2.92059942e+00 
 9.11115486e-01  2.83262847e+00 
 9.00684893e-01  2.74846104e+00 
 8.90374478e-01  2.66789158e+00 
 8.80183671e-01  2.59072731e+00 
 8.70111846e-01  2.51678733e+00 
 8.60158328e-01  2.44590182e+00 
 8.50322390e-01  2.37791129e+00 
 8.40603258e-01  2.31266588e+00 
 8.31000114e-01  2.25002474e+00 
 8.21512096e-01  2.18985540e+00 
 8.12138306e-01  2.13203323e+00 
 8.02877804e-01  2.07644093e+00 
 7.93729620e-01  2.02296804e+00 
 7.84692747e-01  1.97151051e+00 
 7.75766153e-01  1.92197026e+00 
 7.66948775e-01  1.87425482e+00 
 7.58239527e-01  1.82827696e+00 
 7.49637302e-01  1.78395437e+00 
 7.41140968e-01  1.74120931e+00 
 7.32749380e-01  1.69996839e+00 
 7.24461373e-01  1.66016222e+00 
 7.16275771e-01  1.62172524e+00 
 7.08191383e-01  1.58459542e+00 
 7.00207011e-01  1.54871408e+00 
 6.92321447e-01  1.51402567e+00 
 6.84533475e-01  1.48047760e+00 
 6.76841877e-01  1.44802002e+00 
 6.69245428e-01  1.41660571e+00 
 6.61742905e-01  1.38618990e+00 
 6.54333081e-01  1.35673010e+00 
 6.47014731e-01  1.32818602e+00 
 6.39786631e-01  1.30051939e+00 
 6.32647562e-01  1.27369388e+00 
 6.25596307e-01  1.24767497e+00 
 6.18631655e-01  1.22242985e+00 
 6.11752402e-01  1.19792731e+00 
 6.04957348e-01  1.17413769e+00 
 5.98245305e-01  1.15103276e+00 
 5.91615089e-01  1.12858564e+00 
 5.85065529e-01  1.10677073e+00 
 5.78595461e-01  1.08556366e+00 
 5.72203733e-01  1.06494118e+00 
 5.65889204e-01  1.04488116e+00 
 5.59650743e-01  1.02536247e+00 
 5.53487231e-01  1.00636495e+00 
 5.47397563e-01  9.87869372e-01 
 5.41380645e-01  9.69857380e-01 
 5.35435395e-01  9.52311435e-01 
 5.29560747e-01  9.35214787e-01 
 5.23755646e-01  9.18551424e-01 
 5.18019051e-01  9.02306042e-01 
 5.12349935e-01  8.86464002e-01 
 5.06747284e-01  8.71011301e-01 
 5.01210099e-01  8.55934538e-01 
 4.95737396e-01  8.41220885e-01 
 4.90328202e-01  8.26858057e-01 
 4.84981561e-01  8.12834287e-01 
 4.79696530e-01  7.99138299e-01 
 4.74472179e-01  7.85759283e-01 
 4.69307595e-01  7.72686878e-01 
 4.64201878e-01  7.59911143e-01 
 4.59154139e-01  7.47422542e-01 
 4.54163508e-01  7.35211923e-01 
 4.49229126e-01  7.23270500e-01 
 4.44350147e-01  7.11589837e-01 
 gmid10          gain10         
 2.37418679e+01  3.15536073e+02 
 2.43674872e+01  4.02748618e+02 
 2.48826539e+01  5.11177106e+02 
 2.53051609e+01  6.44187667e+02 
 2.56513430e+01  8.04668527e+02 
 2.59355410e+01  9.94430094e+02 
 2.61699467e+01  1.21350454e+03 
 2.63646829e+01  1.45949550e+03 
 2.65280068e+01  1.72720521e+03 
 2.66665632e+01  2.00877188e+03 
 2.67856452e+01  2.29443335e+03 
 2.68894350e+01  2.57380878e+03 
 2.69812173e+01  2.83736438e+03 
 2.70635590e+01  3.07764133e+03 
 2.71384587e+01  3.28993372e+03 
 2.72074672e+01  3.47233848e+03 
 2.72717846e+01  3.62531686e+03 
 2.73323371e+01  3.75100944e+03 
 2.73898374e+01  3.85252838e+03 
 2.74448315e+01  3.93336802e+03 
 2.74977348e+01  3.99698726e+03 
 2.75488600e+01  4.04655680e+03 
 2.75984379e+01  4.08483574e+03 
 2.76466320e+01  4.11413576e+03 
 2.76935496e+01  4.13633750e+03 
 2.77392474e+01  4.15293291e+03 
 2.77837347e+01  4.16507641e+03 
 2.78269724e+01  4.17363494e+03 
 2.78688680e+01  4.17923117e+03 
 2.79092674e+01  4.18227750e+03 
 2.79479410e+01  4.18299978e+03 
 2.79845641e+01  4.18145046e+03 
 2.80186906e+01  4.17751137e+03 
 2.80497163e+01  4.17088603e+03 
 2.80768317e+01  4.16108209e+03 
 2.80989598e+01  4.14738432e+03 
 2.81146760e+01  4.12882008e+03 
 2.81221071e+01  4.10412122e+03 
 2.81188069e+01  4.07168966e+03 
 2.81016073e+01  4.02958002e+03 
 2.80664482e+01  3.97551998e+03 
 2.80081997e+01  3.90699748e+03 
 2.79204992e+01  3.82144930e+03 
 2.77956503e+01  3.71658021e+03 
 2.76246514e+01  3.59081573e+03 
 2.73974481e+01  3.44383684e+03 
 2.71035107e+01  3.27706949e+03 
 2.67328095e+01  3.09394103e+03 
 2.62771673e+01  2.89972624e+03 
 2.57318149e+01  2.70092653e+03 
 2.50967984e+01  2.50431961e+03 
 2.43777999e+01  2.31597099e+03 
 2.35860247e+01  2.14050673e+03 
 2.27370900e+01  1.98080762e+03 
 2.18491937e+01  1.83809943e+03 
 2.09410558e+01  1.71229353e+03 
 2.00301203e+01  1.60241124e+03 
 1.91313198e+01  1.50697295e+03 
 1.82564747e+01  1.42429559e+03 
 1.74142231e+01  1.35269070e+03 
 1.66103081e+01  1.29057925e+03 
 1.58480461e+01  1.23654702e+03 
 1.51288466e+01  1.18936188e+03 
 1.44527010e+01  1.14796928e+03 
 1.38186019e+01  1.11147672e+03 
 1.32248793e+01  1.07913393e+03 
 1.26694577e+01  1.05031245e+03 
 1.21500461e+01  1.02448655e+03 
 1.16642720e+01  1.00121638e+03 
 1.12097741e+01  9.80133418e+02 
 1.07842625e+01  9.60928301e+02 
 1.03855562e+01  9.43340625e+02 
 1.00116044e+01  9.27150560e+02 
 9.66049649e+00  9.12171934e+02 
 9.33046368e+00  8.98246560e+02 
 9.01987670e+00  8.85239570e+02 
 8.72723961e+00  8.73035593e+02 
 8.45118212e+00  8.61535592e+02 
 8.19045089e+00  8.50654272e+02 
 7.94390058e+00  8.40317921e+02 
 7.71048497e+00  8.30462634e+02 
 7.48924839e+00  8.21032819e+02 
 7.27931769e+00  8.11979970e+02 
 7.07989466e+00  8.03261619e+02 
 6.89024917e+00  7.94840474e+02 
 6.70971279e+00  7.86683682e+02 
 6.53767301e+00  7.78762209e+02 
 6.37356800e+00  7.71050317e+02 
 6.21688191e+00  7.63525117e+02 
 6.06714053e+00  7.56166186e+02 
 5.92390745e+00  7.48955247e+02 
 5.78678061e+00  7.41875883e+02 
 5.65538913e+00  7.34913302e+02 
 5.52939052e+00  7.28054128e+02 
 5.40846812e+00  7.21286222e+02 
 5.29232881e+00  7.14598525e+02 
 5.18070096e+00  7.07980924e+02 
 5.07333255e+00  7.01424134e+02 
 4.96998953e+00  6.94919591e+02 
 4.87045423e+00  6.88459366e+02 
 4.77452407e+00  6.82036078e+02 
 4.68201025e+00  6.75642825e+02 
 4.59273666e+00  6.69273122e+02 
 4.50653886e+00  6.62920838e+02 
 4.42326314e+00  6.56580151e+02 
 4.34276565e+00  6.50245495e+02 
 4.26491170e+00  6.43911519e+02 
 4.18957501e+00  6.37573049e+02 
 4.11663708e+00  6.31225048e+02 
 4.04598662e+00  6.24862586e+02 
 3.97751903e+00  6.18480806e+02 
 3.91113588e+00  6.12074893e+02 
 3.84674448e+00  6.05640050e+02 
 3.78425748e+00  5.99171468e+02 
 3.72359250e+00  5.92664303e+02 
 3.66467176e+00  5.86113651e+02 
 3.60742179e+00  5.79514531e+02 
 3.55177312e+00  5.72861860e+02 
 3.49766003e+00  5.66150440e+02 
 3.44502029e+00  5.59374940e+02 
 3.39379491e+00  5.52529884e+02 
 3.34392799e+00  5.45609646e+02 
 3.29536645e+00  5.38608439e+02 
 3.24805991e+00  5.31520317e+02 
 3.20196049e+00  5.24339180e+02 
 3.15702265e+00  5.17058784e+02 
 3.11320307e+00  5.09672757e+02 
 3.07046050e+00  5.02174628e+02 
 3.02875563e+00  4.94557856e+02 
 2.98805099e+00  4.86815880e+02 
 2.94831081e+00  4.78942172e+02 
 2.90950097e+00  4.70930306e+02 
 2.87158885e+00  4.62774037e+02 
 2.83454328e+00  4.54467399e+02 
 2.79833443e+00  4.46004813e+02 
 2.76293376e+00  4.37381215e+02 
 2.72831392e+00  4.28592191e+02 
 2.69444869e+00  4.19634135e+02 
 2.66131294e+00  4.10504413e+02 
 2.62888252e+00  4.01201541e+02 
 2.59713425e+00  3.91725372e+02 
 2.56604585e+00  3.82077283e+02 
 2.53559586e+00  3.72260364e+02 
 2.50576365e+00  3.62279600e+02 
 2.47652932e+00  3.52142040e+02 
 2.44787369e+00  3.41856943e+02 
 2.41977825e+00  3.31435897e+02 
 2.39222512e+00  3.20892899e+02 
 2.36519702e+00  3.10244392e+02 
 2.33867721e+00  2.99509247e+02 
 2.31264950e+00  2.88708689e+02 
 2.28709819e+00  2.77866153e+02 
 2.26200805e+00  2.67007085e+02 
 2.23736427e+00  2.56158664e+02 
 2.21315249e+00  2.45349479e+02 
 2.18935872e+00  2.34609135e+02 
 2.16596933e+00  2.23967827e+02 
 2.14297106e+00  2.13455871e+02 
 2.12035095e+00  2.03103228e+02 
 2.09809637e+00  1.92939012e+02 
 2.07619499e+00  1.82991032e+02 
 2.05463472e+00  1.73285343e+02 
 2.03340377e+00  1.63845860e+02 
 2.01249060e+00  1.54694022e+02 
 1.99188389e+00  1.45848523e+02 
 1.97157258e+00  1.37325124e+02 
 1.95154582e+00  1.29136530e+02 
 1.93179301e+00  1.21292352e+02 
 1.91230373e+00  1.13799140e+02 
 1.89306783e+00  1.06660476e+02 
 1.87407533e+00  9.98771280e+01 
 1.85531651e+00  9.34472495e+01 
 1.83678186e+00  8.73666135e+01 
 1.81846210e+00  8.16288730e+01 
 1.80034820e+00  7.62258360e+01 
 1.78243136e+00  7.11477448e+01 
 1.76470306e+00  6.63835529e+01 
 1.74715501e+00  6.19211922e+01 
 1.72977925e+00  5.77478241e+01 
 1.71256806e+00  5.38500717e+01 
 1.69551406e+00  5.02142300e+01 
 1.67861016e+00  4.68264517e+01 
 1.66184962e+00  4.36729099e+01 
 1.64522604e+00  4.07399358e+01 
 1.62873336e+00  3.80141346e+01 
 1.61236590e+00  3.54824791e+01 
 1.59611835e+00  3.31323841e+01 
 1.57998578e+00  3.09517624e+01 
 1.56396366e+00  2.89290662e+01 
 1.54804786e+00  2.70533136e+01 
 1.53223465e+00  2.53141042e+01 
 1.51652071e+00  2.37016243e+01 
 1.50090310e+00  2.22066442e+01 
 1.48537931e+00  2.08205091e+01 
 1.46994721e+00  1.95351240e+01 
 1.45460505e+00  1.83429356e+01 
 1.43935149e+00  1.72369101e+01 
 1.42418553e+00  1.62105099e+01 
 1.40910652e+00  1.52576680e+01 
 1.39411416e+00  1.43727625e+01 
 1.37920846e+00  1.35505903e+01 
 1.36438973e+00  1.27863413e+01 
 1.34965856e+00  1.20755727e+01 
 1.33501580e+00  1.14141842e+01 
 1.32046251e+00  1.07983946e+01 
 1.30599999e+00  1.02247186e+01 
 1.29162968e+00  9.68994518e+00 
 1.27735323e+00  9.19111726e+00 
 1.26317238e+00  8.72551230e+00 
 1.24908902e+00  8.29062421e+00 
 1.23510508e+00  7.88414645e+00 
 1.22122260e+00  7.50395630e+00 
 1.20744363e+00  7.14810017e+00 
 1.19377026e+00  6.81478004e+00 
 1.18020456e+00  6.50234090e+00 
 1.16674860e+00  6.20925909e+00 
 1.15340442e+00  5.93413165e+00 
 1.14017397e+00  5.67566640e+00 
 1.12705919e+00  5.43267287e+00 
 1.11406190e+00  5.20405396e+00 
 1.10118384e+00  4.98879823e+00 
 1.08842667e+00  4.78597291e+00 
 1.07579191e+00  4.59471742e+00 
 1.06328100e+00  4.41423743e+00 
 1.05089522e+00  4.24379943e+00 
 1.03863576e+00  4.08272579e+00 
 1.02650367e+00  3.93039019e+00 
 1.01449986e+00  3.78621342e+00 
 1.00262512e+00  3.64965961e+00 
 9.90880104e-01  3.52023266e+00 
 9.79265335e-01  3.39747312e+00 
 9.67781211e-01  3.28095520e+00 
 9.56427998e-01  3.17028410e+00 
 9.45205842e-01  3.06509354e+00 
 9.34114767e-01  2.96504353e+00 
 9.23154679e-01  2.86981828e+00 
 9.12325374e-01  2.77912431e+00 
 9.01626540e-01  2.69268874e+00 
 8.91057759e-01  2.61025766e+00 
 8.80618519e-01  2.53159471e+00 
 8.70308213e-01  2.45647969e+00 
 8.60126147e-01  2.38470740e+00 
 8.50071544e-01  2.31608644e+00 
 8.40143550e-01  2.25043823e+00 
 8.30341240e-01  2.18759600e+00 
 8.20663622e-01  2.12740398e+00 
 8.11109643e-01  2.06971655e+00 
 8.01678191e-01  2.01439749e+00 
 7.92368106e-01  1.96131933e+00 
 7.83178179e-01  1.91036271e+00 
 7.74107159e-01  1.86141578e+00 
 7.65153755e-01  1.81437369e+00 
 7.56316646e-01  1.76913811e+00 
 7.47594478e-01  1.72561672e+00 
 7.38985873e-01  1.68372284e+00 
 7.30489428e-01  1.64337502e+00 
 7.22103724e-01  1.60449670e+00 
 7.13827325e-01  1.56701587e+00 
 7.05658782e-01  1.53086472e+00 
 6.97596637e-01  1.49597945e+00 
 6.89639424e-01  1.46229992e+00 
 6.81785673e-01  1.42976943e+00 
 6.74033913e-01  1.39833454e+00 
 6.66382672e-01  1.36794479e+00 
 6.58830478e-01  1.33855255e+00 
 6.51375867e-01  1.31011283e+00 
 6.44017377e-01  1.28258311e+00 
 6.36753556e-01  1.25592319e+00 
 6.29582959e-01  1.23009503e+00 
 6.22504152e-01  1.20506263e+00 
 6.15515711e-01  1.18079191e+00 
 6.08616225e-01  1.15725056e+00 
 6.01804297e-01  1.13440798e+00 
 5.95078544e-01  1.11223513e+00 
 5.88437597e-01  1.09070447e+00 
 5.81880104e-01  1.06978987e+00 
 5.75404728e-01  1.04946649e+00 
 5.69010149e-01  1.02971075e+00 
 5.62695067e-01  1.01050023e+00 
 5.56458197e-01  9.91813624e-01 
 5.50298272e-01  9.73630647e-01 
 5.44214045e-01  9.55932003e-01 
 5.38204286e-01  9.38699315e-01 
 5.32267786e-01  9.21915083e-01 
 5.26403353e-01  9.05562626e-01 
 5.20609814e-01  8.89626046e-01 
 5.14886016e-01  8.74090179e-01 
 5.09230825e-01  8.58940556e-01 
 5.03643126e-01  8.44163368e-01 
 4.98121822e-01  8.29745429e-01 
 4.92665837e-01  8.15674144e-01 
 4.87274111e-01  8.01937476e-01 
 4.81945606e-01  7.88523919e-01 
 4.76679300e-01  7.75422470e-01 
 4.71474191e-01  7.62622600e-01 
 4.66329293e-01  7.50114235e-01 
 4.61243641e-01  7.37887729e-01 
 4.56216287e-01  7.25933845e-01 
 4.51246298e-01  7.14243730e-01 
 4.46332762e-01  7.02808903e-01 
 4.41474782e-01  6.91621230e-01 
