 vgt0.5          gmid0.5        
-6.27970757e-01  2.46023601e+01 
-6.17994555e-01  2.49047849e+01 
-6.08019390e-01  2.51650239e+01 
-5.98045251e-01  2.53907352e+01 
-5.88072123e-01  2.55882977e+01 
-5.78099985e-01  2.57629639e+01 
-5.68128812e-01  2.59190136e+01 
-5.58158574e-01  2.60599074e+01 
-5.48189238e-01  2.61884287e+01 
-5.38220767e-01  2.63068061e+01 
-5.28253124e-01  2.64168198e+01 
-5.18286269e-01  2.65198878e+01 
-5.08320163e-01  2.66171399e+01 
-4.98354765e-01  2.67094750e+01 
-4.88390036e-01  2.67976102e+01 
-4.78425936e-01  2.68821179e+01 
-4.68462429e-01  2.69634564e+01 
-4.58499477e-01  2.70419944e+01 
-4.48537046e-01  2.71180295e+01 
-4.38575102e-01  2.71918033e+01 
-4.28613615e-01  2.72635134e+01 
-4.18652554e-01  2.73333223e+01 
-4.08691891e-01  2.74013647e+01 
-3.98731601e-01  2.74677531e+01 
-3.88771658e-01  2.75325819e+01 
-3.78812040e-01  2.75959305e+01 
-3.68852725e-01  2.76578660e+01 
-3.58893694e-01  2.77184443e+01 
-3.48934927e-01  2.77777115e+01 
-3.38976409e-01  2.78357040e+01 
-3.29018122e-01  2.78924482e+01 
-3.19060052e-01  2.79479597e+01 
-3.09102185e-01  2.80022419e+01 
-2.99144508e-01  2.80552829e+01 
-2.89187010e-01  2.81070522e+01 
-2.79229679e-01  2.81574956e+01 
-2.69272504e-01  2.82065280e+01 
-2.59315477e-01  2.82540239e+01 
-2.49358589e-01  2.82998048e+01 
-2.39401831e-01  2.83436223e+01 
-2.29445195e-01  2.83851346e+01 
-2.19488675e-01  2.84238772e+01 
-2.09532263e-01  2.84592219e+01 
-1.99575954e-01  2.84903250e+01 
-1.89619742e-01  2.85160575e+01 
-1.79663620e-01  2.85349167e+01 
-1.69707585e-01  2.85449115e+01 
-1.59751631e-01  2.85434196e+01 
-1.49795753e-01  2.85270130e+01 
-1.39839949e-01  2.84912542e+01 
-1.29884213e-01  2.84304745e+01 
-1.19928542e-01  2.83375609e+01 
-1.09972933e-01  2.82038072e+01 
-1.00017383e-01  2.80189180e+01 
-9.00618874e-02  2.77712957e+01 
-8.01064448e-02  2.74487587e+01 
-7.01510521e-02  2.70398033e+01 
-6.01957067e-02  2.65353793e+01 
-5.02404063e-02  2.59309050e+01 
-4.02851485e-02  2.52279879e+01 
-3.03299314e-02  2.44352214e+01 
-2.03747528e-02  2.35676442e+01 
-1.04196109e-02  2.26449277e+01 
-4.64503875e-04  2.16888240e+01 
 9.49056995e-03  2.07206073e+01 
 1.94456122e-02  1.97590979e+01 
 2.94006243e-02  1.88195270e+01 
 3.93556079e-02  1.79131977e+01 
 4.93105642e-02  1.70477197e+01 
 5.92654945e-02  1.62275638e+01 
 6.92204001e-02  1.54547284e+01 
 7.91752821e-02  1.47293845e+01 
 8.91301417e-02  1.40504324e+01 
 9.90849799e-02  1.34159449e+01 
 1.09039798e-01  1.28235030e+01 
 1.18994596e-01  1.22704385e+01 
 1.28949376e-01  1.17540021e+01 
 1.38904138e-01  1.12714752e+01 
 1.48858884e-01  1.08202411e+01 
 1.58813613e-01  1.03978266e+01 
 1.68768327e-01  1.00019234e+01 
 1.78723027e-01  9.63039671e+00 
 1.88677713e-01  9.28128416e+00 
 1.98632385e-01  8.95278995e+00 
 2.08587045e-01  8.64327554e+00 
 2.18541693e-01  8.35124873e+00 
 2.28496330e-01  8.07535209e+00 
 2.38450956e-01  7.81435147e+00 
 2.48405571e-01  7.56712480e+00 
 2.58360177e-01  7.33265168e+00 
 2.68314774e-01  7.11000359e+00 
 2.78269361e-01  6.89833499e+00 
 2.88223941e-01  6.69687519e+00 
 2.98178512e-01  6.50492100e+00 
 3.08133076e-01  6.32183006e+00 
 3.18087632e-01  6.14701493e+00 
 3.28042182e-01  5.97993771e+00 
 3.37996726e-01  5.82010521e+00 
 3.47951263e-01  5.66706471e+00 
 3.57905795e-01  5.52040007e+00 
 3.67860321e-01  5.37972827e+00 
 3.77814842e-01  5.24469634e+00 
 3.87769359e-01  5.11497857e+00 
 3.97723871e-01  4.99027400e+00 
 4.07678378e-01  4.87030423e+00 
 4.17632882e-01  4.75481134e+00 
 4.27587383e-01  4.64355615e+00 
 4.37541879e-01  4.53631650e+00 
 4.47496373e-01  4.43288586e+00 
 4.57450863e-01  4.33307194e+00 
 4.67405351e-01  4.23669552e+00 
 4.77359837e-01  4.14358934e+00 
 4.87314320e-01  4.05359714e+00 
 4.97268801e-01  3.96657272e+00 
 5.07223280e-01  3.88237918e+00 
 5.17177758e-01  3.80088816e+00 
 5.27132233e-01  3.72197915e+00 
 5.37086708e-01  3.64553892e+00 
 5.47041181e-01  3.57146094e+00 
 5.56995654e-01  3.49964487e+00 
 5.66950125e-01  3.42999613e+00 
 5.76904596e-01  3.36242542e+00 
 5.86859067e-01  3.29684840e+00 
 5.96813537e-01  3.23318529e+00 
 6.06768006e-01  3.17136059e+00 
 6.16722476e-01  3.11130273e+00 
 6.26676945e-01  3.05294385e+00 
 6.36631415e-01  2.99621953e+00 
 6.46585885e-01  2.94106855e+00 
 6.56540356e-01  2.88743271e+00 
 6.66494826e-01  2.83525662e+00 
 6.76449298e-01  2.78448751e+00 
 6.86403770e-01  2.73507509e+00 
 6.96358243e-01  2.68697139e+00 
 7.06312717e-01  2.64013062e+00 
 7.16267192e-01  2.59450904e+00 
 7.26221669e-01  2.55006483e+00 
 7.36176146e-01  2.50675802e+00 
 7.46130625e-01  2.46455032e+00 
 7.56085105e-01  2.42340510e+00 
 7.66039587e-01  2.38328724e+00 
 7.75994070e-01  2.34416308e+00 
 7.85948555e-01  2.30600036e+00 
 7.95903042e-01  2.26876808e+00 
 8.05857530e-01  2.23243652e+00 
 8.15812021e-01  2.19697711e+00 
 8.25766513e-01  2.16236242e+00 
 8.35721007e-01  2.12856606e+00 
 8.45675504e-01  2.09556267e+00 
 8.55630003e-01  2.06332784e+00 
 8.65584504e-01  2.03183810e+00 
 8.75539007e-01  2.00107083e+00 
 8.85493513e-01  1.97100427e+00 
 8.95448021e-01  1.94161745e+00 
 9.05402532e-01  1.91289016e+00 
 9.15357045e-01  1.88480292e+00 
 9.25311561e-01  1.85733696e+00 
 9.35266079e-01  1.83047416e+00 
 9.45220600e-01  1.80419705e+00 
 9.55175124e-01  1.77848878e+00 
 9.65129651e-01  1.75333307e+00 
 9.75084181e-01  1.72871421e+00 
 9.85038713e-01  1.70461704e+00 
 9.94993249e-01  1.68102691e+00 
 1.00494779e+00  1.65792966e+00 
 1.01490233e+00  1.63531162e+00 
 1.02485687e+00  1.61315957e+00 
 1.03481142e+00  1.59146073e+00 
 1.04476597e+00  1.57020276e+00 
 1.05472053e+00  1.54937370e+00 
 1.06467508e+00  1.52896199e+00 
 1.07462965e+00  1.50895647e+00 
 1.08458421e+00  1.48934631e+00 
 1.09453878e+00  1.47012105e+00 
 1.10449335e+00  1.45127055e+00 
 1.11444792e+00  1.43278500e+00 
 1.12440250e+00  1.41465491e+00 
 1.13435708e+00  1.39687107e+00 
 1.14431167e+00  1.37942458e+00 
 1.15426626e+00  1.36230680e+00 
 1.16422085e+00  1.34550937e+00 
 1.17417544e+00  1.32902419e+00 
 1.18413004e+00  1.31284339e+00 
 1.19408465e+00  1.29695937e+00 
 1.20403925e+00  1.28136473e+00 
 1.21399386e+00  1.26605232e+00 
 1.22394848e+00  1.25101520e+00 
 1.23390310e+00  1.23624662e+00 
 1.24385772e+00  1.22174005e+00 
 1.25381234e+00  1.20748916e+00 
 1.26376697e+00  1.19348778e+00 
 1.27372161e+00  1.17972995e+00 
 1.28367625e+00  1.16620987e+00 
 1.29363089e+00  1.15292191e+00 
 1.30358553e+00  1.13986060e+00 
 1.31354018e+00  1.12702065e+00 
 1.32349484e+00  1.11439688e+00 
 1.33344949e+00  1.10198430e+00 
 1.34340416e+00  1.08977804e+00 
 1.35335882e+00  1.07777338e+00 
 1.36331349e+00  1.06596572e+00 
 1.37326817e+00  1.05435058e+00 
 1.38322284e+00  1.04292365e+00 
 1.39317753e+00  1.03168069e+00 
 1.40313221e+00  1.02061759e+00 
 1.41308690e+00  1.00973038e+00 
 1.42304160e+00  9.99015174e-01 
 1.43299630e+00  9.88468190e-01 
 1.44295100e+00  9.78085759e-01 
 1.45290571e+00  9.67864309e-01 
 1.46286042e+00  9.57800361e-01 
 1.47281514e+00  9.47890532e-01 
 1.48276986e+00  9.38131529e-01 
 1.49272458e+00  9.28520145e-01 
 1.50267931e+00  9.19053258e-01 
 1.51263405e+00  9.09727828e-01 
 1.52258878e+00  9.00540895e-01 
 1.53254353e+00  8.91489576e-01 
 1.54249827e+00  8.82571062e-01 
 1.55245302e+00  8.73782618e-01 
 1.56240778e+00  8.65121578e-01 
 1.57236254e+00  8.56585344e-01 
 1.58231730e+00  8.48171384e-01 
 1.59227207e+00  8.39877232e-01 
 1.60222685e+00  8.31700481e-01 
 1.61218162e+00  8.23638787e-01 
 1.62213641e+00  8.15689865e-01 
 1.63209119e+00  8.07851483e-01 
 1.64204599e+00  8.00121468e-01 
 1.65200078e+00  7.92497700e-01 
 1.66195558e+00  7.84978109e-01 
 1.67191039e+00  7.77560678e-01 
 1.68186520e+00  7.70243438e-01 
 1.69182001e+00  7.63024466e-01 
 1.70177483e+00  7.55901888e-01 
 1.71172965e+00  7.48873873e-01 
 1.72168448e+00  7.41938636e-01 
 1.73163931e+00  7.35094431e-01 
 1.74159415e+00  7.28339557e-01 
 1.75154899e+00  7.21672351e-01 
 1.76150384e+00  7.15091188e-01 
 1.77145869e+00  7.08594483e-01 
 1.78141355e+00  7.02180687e-01 
 1.79136841e+00  6.95848287e-01 
 1.80132327e+00  6.89595806e-01 
 1.81127814e+00  6.83421797e-01 
 1.82123302e+00  6.77324851e-01 
 1.83118789e+00  6.71303587e-01 
 1.84114278e+00  6.65356659e-01 
 1.85109767e+00  6.59482747e-01 
 1.86105256e+00  6.53680565e-01 
 1.87100746e+00  6.47948852e-01 
 1.88096236e+00  6.42286378e-01 
 1.89091727e+00  6.36691938e-01 
 1.90087218e+00  6.31164355e-01 
 1.91082710e+00  6.25702478e-01 
 1.92078202e+00  6.20305179e-01 
 1.93073694e+00  6.14971357e-01 
 1.94069188e+00  6.09699935e-01 
 1.95064681e+00  6.04489856e-01 
 1.96060175e+00  5.99340089e-01 
 1.97055670e+00  5.94249625e-01 
 1.98051165e+00  5.89217474e-01 
 1.99046660e+00  5.84242670e-01 
 2.00042156e+00  5.79324264e-01 
 2.01037653e+00  5.74461331e-01 
 2.02033150e+00  5.69652961e-01 
 2.03028647e+00  5.64898268e-01 
 2.04024145e+00  5.60196379e-01 
 2.05019643e+00  5.55546444e-01 
 2.06015142e+00  5.50947627e-01 
 2.07010642e+00  5.46399111e-01 
 2.08006141e+00  5.41900094e-01 
 2.09001642e+00  5.37449794e-01 
 2.09997143e+00  5.33047440e-01 
 2.10992644e+00  5.28692280e-01 
 2.11988146e+00  5.24383575e-01 
 2.12983648e+00  5.20120603e-01 
 2.13979151e+00  5.15902656e-01 
 2.14974654e+00  5.11729037e-01 
 2.15970158e+00  5.07599067e-01 
 2.16965662e+00  5.03512077e-01 
 2.17961166e+00  4.99467414e-01 
 2.18956672e+00  4.95464436e-01 
 2.19952177e+00  4.91502514e-01 
 2.20947683e+00  4.87581031e-01 
 2.21943190e+00  4.83699381e-01 
 2.22938697e+00  4.79856973e-01 
 2.23934205e+00  4.76053223e-01 
 2.24929713e+00  4.72287561e-01 
 2.25925222e+00  4.68559427e-01 
 2.26920731e+00  4.64868272e-01 
 2.27916240e+00  4.61213557e-01 
 2.28911750e+00  4.57594753e-01 
 2.29907261e+00  4.54011340e-01 
 2.30902772e+00  4.50462811e-01 
 2.31898283e+00  4.46948664e-01 
 2.32893796e+00  4.43468410e-01 
 2.33889308e+00  4.40021567e-01 
 2.34884821e+00  4.36607663e-01 
 2.35880335e+00  4.33226233e-01 
 vgt1            gmid1          
-6.10469693e-01  2.47870058e+01 
-6.00500795e-01  2.52440700e+01 
-5.90533249e-01  2.56216258e+01 
-5.80567046e-01  2.59341933e+01 
-5.70602163e-01  2.61942470e+01 
-5.60638574e-01  2.64122293e+01 
-5.50676247e-01  2.65967168e+01 
-5.40715141e-01  2.67546505e+01 
-5.30755213e-01  2.68915867e+01 
-5.20796417e-01  2.70119340e+01 
-5.10838702e-01  2.71191686e+01 
-5.00882017e-01  2.72160173e+01 
-4.90926311e-01  2.73046115e+01 
-4.80971530e-01  2.73866123e+01 
-4.71017623e-01  2.74633113e+01 
-4.61064539e-01  2.75357120e+01 
-4.51112229e-01  2.76045934e+01 
-4.41160645e-01  2.76705602e+01 
-4.31209742e-01  2.77340817e+01 
-4.21259475e-01  2.77955229e+01 
-4.11309805e-01  2.78551677e+01 
-4.01360692e-01  2.79132374e+01 
-3.91412099e-01  2.79699046e+01 
-3.81463993e-01  2.80253039e+01 
-3.71516341e-01  2.80795402e+01 
-3.61569114e-01  2.81326943e+01 
-3.51622283e-01  2.81848278e+01 
-3.41675823e-01  2.82359855e+01 
-3.31729708e-01  2.82861974e+01 
-3.21783918e-01  2.83354795e+01 
-3.11838430e-01  2.83838331e+01 
-3.01893226e-01  2.84312433e+01 
-2.91948287e-01  2.84776765e+01 
-2.82003596e-01  2.85230754e+01 
-2.72059139e-01  2.85673532e+01 
-2.62114900e-01  2.86103843e+01 
-2.52170867e-01  2.86519926e+01 
-2.42227026e-01  2.86919350e+01 
-2.32283366e-01  2.87298790e+01 
-2.22339876e-01  2.87653738e+01 
-2.12396546e-01  2.87978104e+01 
-2.02453367e-01  2.88263695e+01 
-1.92510330e-01  2.88499522e+01 
-1.82567427e-01  2.88670899e+01 
-1.72624650e-01  2.88758259e+01 
-1.62681992e-01  2.88735660e+01 
-1.52739446e-01  2.88568903e+01 
-1.42797007e-01  2.88213268e+01 
-1.32854668e-01  2.87610940e+01 
-1.22912425e-01  2.86688369e+01 
-1.12970271e-01  2.85354108e+01 
-1.03028202e-01  2.83498156e+01 
-9.30862137e-02  2.80994343e+01 
-8.31443019e-02  2.77707711e+01 
-7.32024625e-02  2.73508531e+01 
-6.32606918e-02  2.68292913e+01 
-5.33189863e-02  2.62006838e+01 
-4.33773426e-02  2.54666927e+01 
-3.34357577e-02  2.46369993e+01 
-2.34942286e-02  2.37286218e+01 
-1.35527525e-02  2.27637053e+01 
-3.61132685e-03  2.17664790e+01 
 6.33005089e-03  2.07602904e+01 
 1.62713830e-02  1.97654074e+01 
 2.62126718e-02  1.87978493e+01 
 3.61539193e-02  1.78691420e+01 
 4.60951275e-02  1.69867038e+01 
 5.60362982e-02  1.61545539e+01 
 6.59774334e-02  1.53741059e+01 
 7.59185346e-02  1.46449045e+01 
 8.58596035e-02  1.39652411e+01 
 9.58006417e-02  1.33326302e+01 
 1.05741650e-01  1.27441602e+01 
 1.15682631e-01  1.21967397e+01 
 1.25623585e-01  1.16872628e+01 
 1.35564514e-01  1.12127148e+01 
 1.45505419e-01  1.07702351e+01 
 1.55446301e-01  1.03571520e+01 
 1.65387160e-01  9.97099605e+00 
 1.75327999e-01  9.60950251e+00 
 1.85268818e-01  9.27060474e+00 
 1.95209617e-01  8.95242349e+00 
 2.05150399e-01  8.65325369e+00 
 2.15091163e-01  8.37155029e+00 
 2.25031911e-01  8.10591402e+00 
 2.34972644e-01  7.85507770e+00 
 2.44913361e-01  7.61789334e+00 
 2.54854065e-01  7.39332023e+00 
 2.64794755e-01  7.18041404e+00 
 2.74735432e-01  6.97831699e+00 
 2.84676097e-01  6.78624894e+00 
 2.94616750e-01  6.60349945e+00 
 3.04557393e-01  6.42942069e+00 
 3.14498025e-01  6.26342103e+00 
 3.24438647e-01  6.10495945e+00 
 3.34379260e-01  5.95354044e+00 
 3.44319864e-01  5.80870956e+00 
 3.54260459e-01  5.67004940e+00 
 3.64201047e-01  5.53717604e+00 
 3.74141627e-01  5.40973584e+00 
 3.84082201e-01  5.28740263e+00 
 3.94022767e-01  5.16987516e+00 
 4.03963328e-01  5.05687481e+00 
 4.13903882e-01  4.94814360e+00 
 4.23844431e-01  4.84344230e+00 
 4.33784975e-01  4.74254884e+00 
 4.43725514e-01  4.64525683e+00 
 4.53666049e-01  4.55137422e+00 
 4.63606579e-01  4.46072209e+00 
 4.73547106e-01  4.37313360e+00 
 4.83487629e-01  4.28845299e+00 
 4.93428149e-01  4.20653470e+00 
 5.03368666e-01  4.12724257e+00 
 5.13309180e-01  4.05044911e+00 
 5.23249691e-01  3.97603482e+00 
 5.33190201e-01  3.90388764e+00 
 5.43130708e-01  3.83390232e+00 
 5.53071214e-01  3.76597998e+00 
 5.63011718e-01  3.70002763e+00 
 5.72952221e-01  3.63595774e+00 
 5.82892722e-01  3.57368789e+00 
 5.92833223e-01  3.51314036e+00 
 6.02773723e-01  3.45424185e+00 
 6.12714223e-01  3.39692317e+00 
 6.22654722e-01  3.34111898e+00 
 6.32595221e-01  3.28676749e+00 
 6.42535720e-01  3.23381028e+00 
 6.52476220e-01  3.18219204e+00 
 6.62416719e-01  3.13186041e+00 
 6.72357220e-01  3.08276576e+00 
 6.82297720e-01  3.03486106e+00 
 6.92238222e-01  2.98810165e+00 
 7.02178725e-01  2.94244519e+00 
 7.12119228e-01  2.89785142e+00 
 7.22059733e-01  2.85428212e+00 
 7.32000240e-01  2.81170093e+00 
 7.41940747e-01  2.77007327e+00 
 7.51881257e-01  2.72936623e+00 
 7.61821768e-01  2.68954847e+00 
 7.71762281e-01  2.65059013e+00 
 7.81702796e-01  2.61246275e+00 
 7.91643313e-01  2.57513919e+00 
 8.01583832e-01  2.53859354e+00 
 8.11524354e-01  2.50280108e+00 
 8.21464877e-01  2.46773821e+00 
 8.31405404e-01  2.43338234e+00 
 8.41345933e-01  2.39971193e+00 
 8.51286464e-01  2.36670632e+00 
 8.61226999e-01  2.33434578e+00 
 8.71167536e-01  2.30261140e+00 
 8.81108076e-01  2.27148509e+00 
 8.91048619e-01  2.24094947e+00 
 9.00989166e-01  2.21098792e+00 
 9.10929715e-01  2.18158448e+00 
 9.20870268e-01  2.15272384e+00 
 9.30810824e-01  2.12439128e+00 
 9.40751384e-01  2.09657269e+00 
 9.50691947e-01  2.06925448e+00 
 9.60632513e-01  2.04242360e+00 
 9.70573083e-01  2.01606749e+00 
 9.80513657e-01  1.99017408e+00 
 9.90454235e-01  1.96473171e+00 
 1.00039482e+00  1.93972919e+00 
 1.01033540e+00  1.91515571e+00 
 1.02027599e+00  1.89100084e+00 
 1.03021658e+00  1.86725455e+00 
 1.04015718e+00  1.84390712e+00 
 1.05009778e+00  1.82094920e+00 
 1.06003839e+00  1.79837174e+00 
 1.06997900e+00  1.77616599e+00 
 1.07991961e+00  1.75432350e+00 
 1.08986023e+00  1.73283610e+00 
 1.09980085e+00  1.71169587e+00 
 1.10974148e+00  1.69089516e+00 
 1.11968211e+00  1.67042654e+00 
 1.12962275e+00  1.65028283e+00 
 1.13956339e+00  1.63045705e+00 
 1.14950403e+00  1.61094245e+00 
 1.15944468e+00  1.59173248e+00 
 1.16938534e+00  1.57282078e+00 
 1.17932600e+00  1.55420116e+00 
 1.18926666e+00  1.53586763e+00 
 1.19920733e+00  1.51781436e+00 
 1.20914801e+00  1.50003569e+00 
 1.21908868e+00  1.48252611e+00 
 1.22902937e+00  1.46528027e+00 
 1.23897006e+00  1.44829294e+00 
 1.24891075e+00  1.43155906e+00 
 1.25885145e+00  1.41507370e+00 
 1.26879215e+00  1.39883203e+00 
 1.27873286e+00  1.38282938e+00 
 1.28867357e+00  1.36706117e+00 
 1.29861429e+00  1.35152296e+00 
 1.30855502e+00  1.33621041e+00 
 1.31849575e+00  1.32111929e+00 
 1.32843648e+00  1.30624546e+00 
 1.33837722e+00  1.29158489e+00 
 1.34831796e+00  1.27713366e+00 
 1.35825871e+00  1.26288792e+00 
 1.36819947e+00  1.24884392e+00 
 1.37814023e+00  1.23499799e+00 
 1.38808100e+00  1.22134657e+00 
 1.39802177e+00  1.20788615e+00 
 1.40796255e+00  1.19461332e+00 
 1.41790333e+00  1.18152473e+00 
 1.42784412e+00  1.16861711e+00 
 1.43778491e+00  1.15588727e+00 
 1.44772571e+00  1.14333209e+00 
 1.45766651e+00  1.13094851e+00 
 1.46760733e+00  1.11873353e+00 
 1.47754814e+00  1.10668423e+00 
 1.48748896e+00  1.09479774e+00 
 1.49742979e+00  1.08307126e+00 
 1.50737062e+00  1.07150204e+00 
 1.51731146e+00  1.06008739e+00 
 1.52725231e+00  1.04882467e+00 
 1.53719316e+00  1.03771131e+00 
 1.54713401e+00  1.02674477e+00 
 1.55707487e+00  1.01592259e+00 
 1.56701574e+00  1.00524234e+00 
 1.57695661e+00  9.94701634e-01 
 1.58689749e+00  9.84298149e-01 
 1.59683838e+00  9.74029599e-01 
 1.60677927e+00  9.63893746e-01 
 1.61672016e+00  9.53888395e-01 
 1.62666106e+00  9.44011396e-01 
 1.63660197e+00  9.34260639e-01 
 1.64654289e+00  9.24634055e-01 
 1.65648381e+00  9.15129616e-01 
 1.66642473e+00  9.05745331e-01 
 1.67636566e+00  8.96479251e-01 
 1.68630660e+00  8.87329461e-01 
 1.69624754e+00  8.78294083e-01 
 1.70618849e+00  8.69371275e-01 
 1.71612945e+00  8.60559230e-01 
 1.72607041e+00  8.51856175e-01 
 1.73601138e+00  8.43260371e-01 
 1.74595235e+00  8.34770109e-01 
 1.75589333e+00  8.26383716e-01 
 1.76583432e+00  8.18099545e-01 
 1.77577531e+00  8.09915984e-01 
 1.78571631e+00  8.01831449e-01 
 1.79565731e+00  7.93844386e-01 
 1.80559832e+00  7.85953267e-01 
 1.81553934e+00  7.78156596e-01 
 1.82548036e+00  7.70452902e-01 
 1.83542139e+00  7.62840740e-01 
 1.84536242e+00  7.55318693e-01 
 1.85530346e+00  7.47885371e-01 
 1.86524451e+00  7.40539406e-01 
 1.87518556e+00  7.33279456e-01 
 1.88512662e+00  7.26104204e-01 
 1.89506768e+00  7.19012356e-01 
 1.90500875e+00  7.12002642e-01 
 1.91494983e+00  7.05073814e-01 
 1.92489092e+00  6.98224646e-01 
 1.93483201e+00  6.91453934e-01 
 1.94477310e+00  6.84760497e-01 
 1.95471420e+00  6.78143174e-01 
 1.96465531e+00  6.71600823e-01 
 1.97459643e+00  6.65132325e-01 
 1.98453755e+00  6.58736578e-01 
 1.99447868e+00  6.52412502e-01 
 2.00441981e+00  6.46159035e-01 
 2.01436095e+00  6.39975134e-01 
 2.02430209e+00  6.33859772e-01 
 2.03424325e+00  6.27811943e-01 
 2.04418441e+00  6.21830658e-01 
 2.05412557e+00  6.15914943e-01 
 2.06406674e+00  6.10063844e-01 
 2.07400792e+00  6.04276421e-01 
 2.08394910e+00  5.98551753e-01 
 2.09389029e+00  5.92888932e-01 
 2.10383149e+00  5.87287068e-01 
 2.11377269e+00  5.81745285e-01 
 2.12371390e+00  5.76262722e-01 
 2.13365512e+00  5.70838535e-01 
 2.14359634e+00  5.65471891e-01 
 2.15353757e+00  5.60161974e-01 
 2.16347880e+00  5.54907981e-01 
 2.17342004e+00  5.49709123e-01 
 2.18336129e+00  5.44564623e-01 
 2.19330254e+00  5.39473719e-01 
 2.20324380e+00  5.34435662e-01 
 2.21318507e+00  5.29449714e-01 
 2.22312634e+00  5.24515151e-01 
 2.23306762e+00  5.19631260e-01 
 2.24300891e+00  5.14797341e-01 
 2.25295020e+00  5.10012706e-01 
 2.26289150e+00  5.05276678e-01 
 2.27283280e+00  5.00588590e-01 
 2.28277411e+00  4.95947788e-01 
 2.29271543e+00  4.91353629e-01 
 2.30265675e+00  4.86805480e-01 
 2.31259808e+00  4.82302719e-01 
 2.32253942e+00  4.77844732e-01 
 2.33248076e+00  4.73430919e-01 
 2.34242211e+00  4.69060688e-01 
 2.35236347e+00  4.64733456e-01 
 2.36230483e+00  4.60448650e-01 
 2.37224620e+00  4.56205707e-01 
 vgt1.5          gmid1.5        
-5.92469149e-01  2.50370802e+01 
-5.82502100e-01  2.54220921e+01 
-5.72536485e-01  2.57401482e+01 
-5.62572291e-01  2.60039860e+01 
-5.52609497e-01  2.62243200e+01 
-5.42648075e-01  2.64099818e+01 
-5.32687988e-01  2.65681424e+01 
-5.22729195e-01  2.67045550e+01 
-5.12771651e-01  2.68237958e+01 
-5.02815305e-01  2.69294796e+01 
-4.92860105e-01  2.70244462e+01 
-4.82905997e-01  2.71109178e+01 
-4.72952925e-01  2.71906281e+01 
-4.63000834e-01  2.72649264e+01 
-4.53049669e-01  2.73348614e+01 
-4.43099375e-01  2.74012469e+01 
-4.33149901e-01  2.74647144e+01 
-4.23201197e-01  2.75257534e+01 
-4.13253214e-01  2.75847439e+01 
-4.03305905e-01  2.76419804e+01 
-3.93359228e-01  2.76976914e+01 
-3.83413142e-01  2.77520537e+01 
-3.73467607e-01  2.78052040e+01 
-3.63522587e-01  2.78572467e+01 
-3.53578049e-01  2.79082606e+01 
-3.43633961e-01  2.79583029e+01 
-3.33690292e-01  2.80074119e+01 
-3.23747016e-01  2.80556090e+01 
-3.13804107e-01  2.81028982e+01 
-3.03861540e-01  2.81492653e+01 
-2.93919295e-01  2.81946752e+01 
-2.83977350e-01  2.82390677e+01 
-2.74035686e-01  2.82823510e+01 
-2.64094285e-01  2.83243930e+01 
-2.54153131e-01  2.83650089e+01 
-2.44212209e-01  2.84039444e+01 
-2.34271504e-01  2.84408539e+01 
-2.24331003e-01  2.84752702e+01 
-2.14390694e-01  2.85065647e+01 
-2.04450565e-01  2.85338957e+01 
-1.94510606e-01  2.85561387e+01 
-1.84570807e-01  2.85717974e+01 
-1.74631158e-01  2.85788874e+01 
-1.64691651e-01  2.85747907e+01 
-1.54752277e-01  2.85560743e+01 
-1.44813030e-01  2.85182762e+01 
-1.34873902e-01  2.84556656e+01 
-1.24934886e-01  2.83610058e+01 
-1.14995977e-01  2.82253732e+01 
-1.05057168e-01  2.80381307e+01 
-9.51184550e-02  2.77871977e+01 
-8.51798318e-02  2.74597911e+01 
-7.52412940e-02  2.70437713e+01 
-6.53028372e-02  2.65295715e+01 
-5.53644571e-02  2.59124028e+01 
-4.54261497e-02  2.51941273e+01 
-3.54879114e-02  2.43840911e+01 
-2.55497387e-02  2.34984677e+01 
-1.56116281e-02  2.25582184e+01 
-5.67357674e-03  2.15862930e+01 
 4.26441846e-03  2.06048873e+01 
 1.42023603e-02  1.96333861e+01 
 2.41402513e-02  1.86872398e+01 
 3.40780940e-02  1.77776932e+01 
 4.40158907e-02  1.69121080e+01 
 5.39536437e-02  1.60945992e+01 
 6.38913551e-02  1.53267657e+01 
 7.38290269e-02  1.46083799e+01 
 8.37666609e-02  1.39379699e+01 
 9.37042589e-02  1.33132769e+01 
 1.03641823e-01  1.27315959e+01 
 1.13579354e-01  1.21900170e+01 
 1.23516854e-01  1.16855904e+01 
 1.33454325e-01  1.12154337e+01 
 1.43391767e-01  1.07767972e+01 
 1.53329182e-01  1.03671012e+01 
 1.63266572e-01  9.98395305e+00 
 1.73203937e-01  9.62515090e+00 
 1.83141280e-01  9.28868032e+00 
 1.93078599e-01  8.97270508e+00 
 2.03015898e-01  8.67555572e+00 
 2.12953177e-01  8.39571664e+00 
 2.22890436e-01  8.13181307e+00 
 2.32827678e-01  7.88259822e+00 
 2.42764901e-01  7.64694116e+00 
 2.52702109e-01  7.42381552e+00 
 2.62639300e-01  7.21228905e+00 
 2.72576477e-01  7.01151421e+00 
 2.82513639e-01  6.82071958e+00 
 2.92450788e-01  6.63920219e+00 
 3.02387924e-01  6.46632062e+00 
 3.12325047e-01  6.30148879e+00 
 3.22262159e-01  6.14417048e+00 
 3.32199260e-01  5.99387440e+00 
 3.42136351e-01  5.85014976e+00 
 3.52073431e-01  5.71258237e+00 
 3.62010503e-01  5.58079114e+00 
 3.71947565e-01  5.45442494e+00 
 3.81884619e-01  5.33315979e+00 
 3.91821665e-01  5.21669638e+00 
 4.01758704e-01  5.10475779e+00 
 4.11695736e-01  4.99708753e+00 
 4.21632761e-01  4.89344768e+00 
 4.31569779e-01  4.79361730e+00 
 4.41506792e-01  4.69739094e+00 
 4.51443800e-01  4.60457737e+00 
 4.61380802e-01  4.51499832e+00 
 4.71317800e-01  4.42848750e+00 
 4.81254794e-01  4.34488953e+00 
 4.91191783e-01  4.26405915e+00 
 5.01128768e-01  4.18586033e+00 
 5.11065750e-01  4.11016564e+00 
 5.21002729e-01  4.03685553e+00 
 5.30939705e-01  3.96581775e+00 
 5.40876679e-01  3.89694681e+00 
 5.50813650e-01  3.83014345e+00 
 5.60750619e-01  3.76531424e+00 
 5.70687586e-01  3.70237111e+00 
 5.80624551e-01  3.64123101e+00 
 5.90561515e-01  3.58181553e+00 
 6.00498478e-01  3.52405060e+00 
 6.10435440e-01  3.46786619e+00 
 6.20372401e-01  3.41319603e+00 
 6.30309362e-01  3.35997738e+00 
 6.40246322e-01  3.30815078e+00 
 6.50183282e-01  3.25765988e+00 
 6.60120242e-01  3.20845116e+00 
 6.70057203e-01  3.16047387e+00 
 6.79994163e-01  3.11367974e+00 
 6.89931125e-01  3.06802292e+00 
 6.99868087e-01  3.02345979e+00 
 7.09805050e-01  2.97994885e+00 
 7.19742013e-01  2.93745056e+00 
 7.29678978e-01  2.89592729e+00 
 7.39615945e-01  2.85534315e+00 
 7.49552912e-01  2.81566393e+00 
 7.59489882e-01  2.77685699e+00 
 7.69426853e-01  2.73889118e+00 
 7.79363826e-01  2.70173678e+00 
 7.89300800e-01  2.66536538e+00 
 7.99237777e-01  2.62974985e+00 
 8.09174756e-01  2.59486427e+00 
 8.19111738e-01  2.56068384e+00 
 8.29048722e-01  2.52718487e+00 
 8.38985708e-01  2.49434467e+00 
 8.48922697e-01  2.46214157e+00 
 8.58859689e-01  2.43055478e+00 
 8.68796683e-01  2.39956445e+00 
 8.78733681e-01  2.36915154e+00 
 8.88670682e-01  2.33929783e+00 
 8.98607685e-01  2.30998587e+00 
 9.08544692e-01  2.28119893e+00 
 9.18481702e-01  2.25292101e+00 
 9.28418716e-01  2.22513674e+00 
 9.38355733e-01  2.19783142e+00 
 9.48292753e-01  2.17099094e+00 
 9.58229777e-01  2.14460178e+00 
 9.68166805e-01  2.11865099e+00 
 9.78103837e-01  2.09312612e+00 
 9.88040872e-01  2.06801526e+00 
 9.97977912e-01  2.04330698e+00 
 1.00791495e+00  2.01899031e+00 
 1.01785200e+00  1.99505472e+00 
 1.02778905e+00  1.97149013e+00 
 1.03772611e+00  1.94828684e+00 
 1.04766317e+00  1.92543557e+00 
 1.05760023e+00  1.90292738e+00 
 1.06753730e+00  1.88075372e+00 
 1.07747437e+00  1.85890635e+00 
 1.08741145e+00  1.83737738e+00 
 1.09734853e+00  1.81615923e+00 
 1.10728562e+00  1.79524461e+00 
 1.11722271e+00  1.77462651e+00 
 1.12715981e+00  1.75429822e+00 
 1.13709691e+00  1.73425327e+00 
 1.14703401e+00  1.71448543e+00 
 1.15697112e+00  1.69498873e+00 
 1.16690824e+00  1.67575742e+00 
 1.17684536e+00  1.65678596e+00 
 1.18678248e+00  1.63806903e+00 
 1.19671961e+00  1.61960148e+00 
 1.20665675e+00  1.60137839e+00 
 1.21659389e+00  1.58339499e+00 
 1.22653103e+00  1.56564669e+00 
 1.23646818e+00  1.54812906e+00 
 1.24640534e+00  1.53083782e+00 
 1.25634250e+00  1.51376887e+00 
 1.26627967e+00  1.49691820e+00 
 1.27621684e+00  1.48028198e+00 
 1.28615401e+00  1.46385647e+00 
 1.29609120e+00  1.44763810e+00 
 1.30602838e+00  1.43162336e+00 
 1.31596558e+00  1.41580889e+00 
 1.32590277e+00  1.40019142e+00 
 1.33583998e+00  1.38476778e+00 
 1.34577719e+00  1.36953489e+00 
 1.35571440e+00  1.35448977e+00 
 1.36565162e+00  1.33962953e+00 
 1.37558885e+00  1.32495133e+00 
 1.38552608e+00  1.31045246e+00 
 1.39546332e+00  1.29613022e+00 
 1.40540056e+00  1.28198203e+00 
 1.41533781e+00  1.26800536e+00 
 1.42527507e+00  1.25419774e+00 
 1.43521233e+00  1.24055675e+00 
 1.44514959e+00  1.22708005e+00 
 1.45508687e+00  1.21376535e+00 
 1.46502414e+00  1.20061038e+00 
 1.47496143e+00  1.18761296e+00 
 1.48489872e+00  1.17477094e+00 
 1.49483601e+00  1.16208221e+00 
 1.50477331e+00  1.14954470e+00 
 1.51471062e+00  1.13715640e+00 
 1.52464794e+00  1.12491532e+00 
 1.53458526e+00  1.11281951e+00 
 1.54452258e+00  1.10086705e+00 
 1.55445991e+00  1.08905609e+00 
 1.56439725e+00  1.07738475e+00 
 1.57433460e+00  1.06585124e+00 
 1.58427195e+00  1.05445376e+00 
 1.59420930e+00  1.04319055e+00 
 1.60414666e+00  1.03205990e+00 
 1.61408403e+00  1.02106009e+00 
 1.62402141e+00  1.01018944e+00 
 1.63395879e+00  9.99446308e-01 
 1.64389617e+00  9.88829059e-01 
 1.65383357e+00  9.78336086e-01 
 1.66377097e+00  9.67965805e-01 
 1.67370837e+00  9.57716652e-01 
 1.68364579e+00  9.47587086e-01 
 1.69358320e+00  9.37575585e-01 
 1.70352063e+00  9.27680646e-01 
 1.71345806e+00  9.17900787e-01 
 1.72339550e+00  9.08234543e-01 
 1.73333294e+00  8.98680468e-01 
 1.74327039e+00  8.89237135e-01 
 1.75320785e+00  8.79903133e-01 
 1.76314531e+00  8.70677070e-01 
 1.77308278e+00  8.61557568e-01 
 1.78302025e+00  8.52543269e-01 
 1.79295774e+00  8.43632828e-01 
 1.80289522e+00  8.34824918e-01 
 1.81283272e+00  8.26118228e-01 
 1.82277022e+00  8.17511462e-01 
 1.83270773e+00  8.09003339e-01 
 1.84264524e+00  8.00592592e-01 
 1.85258276e+00  7.92277973e-01 
 1.86252029e+00  7.84058244e-01 
 1.87245782e+00  7.75932184e-01 
 1.88239536e+00  7.67898586e-01 
 1.89233291e+00  7.59956259e-01 
 1.90227046e+00  7.52104022e-01 
 1.91220802e+00  7.44340713e-01 
 1.92214559e+00  7.36665179e-01 
 1.93208316e+00  7.29076285e-01 
 1.94202074e+00  7.21572907e-01 
 1.95195833e+00  7.14153935e-01 
 1.96189592e+00  7.06818273e-01 
 1.97183352e+00  6.99564837e-01 
 1.98177113e+00  6.92392559e-01 
 1.99170874e+00  6.85300381e-01 
 2.00164636e+00  6.78287258e-01 
 2.01158398e+00  6.71352161e-01 
 2.02152161e+00  6.64494071e-01 
 2.03145925e+00  6.57711982e-01 
 2.04139690e+00  6.51004902e-01 
 2.05133455e+00  6.44371849e-01 
 2.06127221e+00  6.37811855e-01 
 2.07120988e+00  6.31323964e-01 
 2.08114755e+00  6.24907233e-01 
 2.09108523e+00  6.18560730e-01 
 2.10102291e+00  6.12283535e-01 
 2.11096060e+00  6.06074740e-01 
 2.12089830e+00  5.99933448e-01 
 2.13083601e+00  5.93858776e-01 
 2.14077372e+00  5.87849850e-01 
 2.15071144e+00  5.81905808e-01 
 2.16064917e+00  5.76025802e-01 
 2.17058690e+00  5.70208991e-01 
 2.18052464e+00  5.64454548e-01 
 2.19046238e+00  5.58761656e-01 
 2.20040014e+00  5.53129510e-01 
 2.21033790e+00  5.47557314e-01 
 2.22027566e+00  5.42044285e-01 
 2.23021344e+00  5.36589649e-01 
 2.24015122e+00  5.31192642e-01 
 2.25008900e+00  5.25852513e-01 
 2.26002680e+00  5.20568519e-01 
 2.26996460e+00  5.15339928e-01 
 2.27990240e+00  5.10166017e-01 
 2.28984022e+00  5.05046076e-01 
 2.29977804e+00  4.99979401e-01 
 2.30971586e+00  4.94965300e-01 
 2.31965370e+00  4.90003091e-01 
 2.32959154e+00  4.85092101e-01 
 2.33952939e+00  4.80231666e-01 
 2.34946724e+00  4.75421131e-01 
 2.35940510e+00  4.70659851e-01 
 2.36934297e+00  4.65947190e-01 
 2.37928084e+00  4.61282522e-01 
 2.38921873e+00  4.56665229e-01 
 vgt2            gmid2          
-5.81926707e-01  2.50846257e+01 
-5.71960486e-01  2.54518836e+01 
-5.61995735e-01  2.57551512e+01 
-5.52032441e-01  2.60067207e+01 
-5.42070581e-01  2.62168821e+01 
-5.32110128e-01  2.63940878e+01 
-5.22151043e-01  2.65451816e+01 
-5.12193286e-01  2.66756445e+01 
-5.02236809e-01  2.67898288e+01 
-4.92281560e-01  2.68911686e+01 
-4.82327486e-01  2.69823593e+01 
-4.72374530e-01  2.70655088e+01 
-4.62422637e-01  2.71422608e+01 
-4.52471750e-01  2.72138937e+01 
-4.42521811e-01  2.72814006e+01 
-4.32572767e-01  2.73455517e+01 
-4.22624563e-01  2.74069443e+01 
-4.12677147e-01  2.74660410e+01 
-4.02730470e-01  2.75231999e+01 
-3.92784486e-01  2.75786982e+01 
-3.82839149e-01  2.76327498e+01 
-3.72894417e-01  2.76855191e+01 
-3.62950250e-01  2.77371315e+01 
-3.53006612e-01  2.77876809e+01 
-3.43063467e-01  2.78372354e+01 
-3.33120783e-01  2.78858406e+01 
-3.23178530e-01  2.79335219e+01 
-3.13236679e-01  2.79802847e+01 
-3.03295204e-01  2.80261139e+01 
-2.93354081e-01  2.80709708e+01 
-2.83413286e-01  2.81147886e+01 
-2.73472800e-01  2.81574661e+01 
-2.63532601e-01  2.81988577e+01 
-2.53592673e-01  2.82387606e+01 
-2.43652998e-01  2.82768965e+01 
-2.33713560e-01  2.83128879e+01 
-2.23774345e-01  2.83462262e+01 
-2.13835339e-01  2.83762292e+01 
-2.03896529e-01  2.84019854e+01 
-1.93957905e-01  2.84222815e+01 
-1.84019454e-01  2.84355081e+01 
-1.74081167e-01  2.84395398e+01 
-1.64143034e-01  2.84315854e+01 
-1.54205047e-01  2.84080059e+01 
-1.44267196e-01  2.83641041e+01 
-1.34329475e-01  2.82938982e+01 
-1.24391877e-01  2.81899141e+01 
-1.14454393e-01  2.80430552e+01 
-1.04517019e-01  2.78426529e+01 
-9.45797477e-02  2.75768379e+01 
-8.46425742e-02  2.72333853e+01 
-7.47054930e-02  2.68011267e+01 
-6.47684995e-02  2.62718509e+01 
-5.48315888e-02  2.56423426e+01 
-4.48947569e-02  2.49159623e+01 
-3.49579995e-02  2.41031438e+01 
-2.50213129e-02  2.32204909e+01 
-1.50846935e-02  2.22886760e+01 
-5.14813787e-03  2.13297720e+01 
 4.78835712e-03  2.03647582e+01 
 1.47247945e-02  1.94117252e+01 
 2.46611772e-02  1.84849509e+01 
 3.45975077e-02  1.75947395e+01 
 4.45337888e-02  1.67477752e+01 
 5.44700227e-02  1.59477381e+01 
 6.44062119e-02  1.51959895e+01 
 7.43423583e-02  1.44922099e+01 
 8.42784641e-02  1.38349350e+01 
 9.42145312e-02  1.32219763e+01 
 1.04150561e-01  1.26507337e+01 
 1.14086557e-01  1.21184181e+01 
 1.24022518e-01  1.16222041e+01 
 1.33958448e-01  1.11593294e+01 
 1.43894348e-01  1.07271564e+01 
 1.53830218e-01  1.03232071e+01 
 1.63766061e-01  9.94517912e+00 
 1.73701878e-01  9.59095087e+00 
 1.83637670e-01  9.25857775e+00 
 1.93573438e-01  8.94628437e+00 
 2.03509183e-01  8.65245397e+00 
 2.13444906e-01  8.37561657e+00 
 2.23380609e-01  8.11443677e+00 
 2.33316292e-01  7.86770182e+00 
 2.43251957e-01  7.63431021e+00 
 2.53187603e-01  7.41326098e+00 
 2.63123233e-01  7.20364394e+00 
 2.73058847e-01  7.00463066e+00 
 2.82994445e-01  6.81546638e+00 
 2.92930028e-01  6.63546262e+00 
 3.02865598e-01  6.46399061e+00 
 3.12801154e-01  6.30047540e+00 
 3.22736698e-01  6.14439051e+00 
 3.32672230e-01  5.99525324e+00 
 3.42607751e-01  5.85262039e+00 
 3.52543261e-01  5.71608451e+00 
 3.62478761e-01  5.58527049e+00 
 3.72414251e-01  5.45983252e+00 
 3.82349732e-01  5.33945140e+00 
 3.92285205e-01  5.22383209e+00 
 4.02220669e-01  5.11270154e+00 
 4.12156126e-01  5.00580672e+00 
 4.22091576e-01  4.90291286e+00 
 4.32027019e-01  4.80380187e+00 
 4.41962455e-01  4.70827091e+00 
 4.51897886e-01  4.61613111e+00 
 4.61833311e-01  4.52720638e+00 
 4.71768730e-01  4.44133240e+00 
 4.81704145e-01  4.35835563e+00 
 4.91639556e-01  4.27813246e+00 
 5.01574962e-01  4.20052845e+00 
 5.11510364e-01  4.12541757e+00 
 5.21445763e-01  4.05268159e+00 
 5.31381158e-01  3.98220947e+00 
 5.41316551e-01  3.91389684e+00 
 5.51251941e-01  3.84764549e+00 
 5.61187328e-01  3.78336293e+00 
 5.71122714e-01  3.72096197e+00 
 5.81058097e-01  3.66036035e+00 
 5.90993479e-01  3.60148042e+00 
 6.00928859e-01  3.54424876e+00 
 6.10864238e-01  3.48859594e+00 
 6.20799616e-01  3.43445626e+00 
 6.30734994e-01  3.38176744e+00 
 6.40670371e-01  3.33047046e+00 
 6.50605747e-01  3.28050933e+00 
 6.60541123e-01  3.23183086e+00 
 6.70476500e-01  3.18438453e+00 
 6.80411876e-01  3.13812230e+00 
 6.90347253e-01  3.09299847e+00 
 7.00282631e-01  3.04896952e+00 
 7.10218009e-01  3.00599398e+00 
 7.20153388e-01  2.96403234e+00 
 7.30088768e-01  2.92304690e+00 
 7.40024149e-01  2.88300168e+00 
 7.49959532e-01  2.84386231e+00 
 7.59894916e-01  2.80559596e+00 
 7.69830302e-01  2.76817124e+00 
 7.79765689e-01  2.73155814e+00 
 7.89701079e-01  2.69572794e+00 
 7.99636470e-01  2.66065312e+00 
 8.09571864e-01  2.62630735e+00 
 8.19507259e-01  2.59266540e+00 
 8.29442658e-01  2.55970307e+00 
 8.39378058e-01  2.52739718e+00 
 8.49313461e-01  2.49572548e+00 
 8.59248867e-01  2.46466663e+00 
 8.69184276e-01  2.43420015e+00 
 8.79119688e-01  2.40430637e+00 
 8.89055102e-01  2.37496642e+00 
 8.98990520e-01  2.34616217e+00 
 9.08925941e-01  2.31787622e+00 
 9.18861365e-01  2.29009184e+00 
 9.28796793e-01  2.26279297e+00 
 9.38732224e-01  2.23596417e+00 
 9.48667658e-01  2.20959063e+00 
 9.58603097e-01  2.18365808e+00 
 9.68538539e-01  2.15815286e+00 
 9.78473984e-01  2.13306180e+00 
 9.88409434e-01  2.10837229e+00 
 9.98344887e-01  2.08407218e+00 
 1.00828034e+00  2.06014984e+00 
 1.01821581e+00  2.03659406e+00 
 1.02815127e+00  2.01339412e+00 
 1.03808674e+00  1.99053970e+00 
 1.04802222e+00  1.96802090e+00 
 1.05795769e+00  1.94582823e+00 
 1.06789318e+00  1.92395258e+00 
 1.07782867e+00  1.90238522e+00 
 1.08776416e+00  1.88111778e+00 
 1.09769965e+00  1.86014222e+00 
 1.10763516e+00  1.83945086e+00 
 1.11757066e+00  1.81903633e+00 
 1.12750617e+00  1.79889158e+00 
 1.13744169e+00  1.77900984e+00 
 1.14737721e+00  1.75938467e+00 
 1.15731273e+00  1.74000987e+00 
 1.16724826e+00  1.72087952e+00 
 1.17718380e+00  1.70198797e+00 
 1.18711934e+00  1.68332982e+00 
 1.19705488e+00  1.66489988e+00 
 1.20699043e+00  1.64669323e+00 
 1.21692599e+00  1.62870514e+00 
 1.22686155e+00  1.61093110e+00 
 1.23679712e+00  1.59336682e+00 
 1.24673269e+00  1.57600817e+00 
 1.25666826e+00  1.55885123e+00 
 1.26660384e+00  1.54189224e+00 
 1.27653943e+00  1.52512763e+00 
 1.28647503e+00  1.50855397e+00 
 1.29641062e+00  1.49216800e+00 
 1.30634623e+00  1.47596658e+00 
 1.31628184e+00  1.45994674e+00 
 1.32621745e+00  1.44410561e+00 
 1.33615307e+00  1.42844047e+00 
 1.34608870e+00  1.41294870e+00 
 1.35602433e+00  1.39762779e+00 
 1.36595997e+00  1.38247535e+00 
 1.37589561e+00  1.36748907e+00 
 1.38583126e+00  1.35266675e+00 
 1.39576691e+00  1.33800626e+00 
 1.40570258e+00  1.32350555e+00 
 1.41563824e+00  1.30916266e+00 
 1.42557391e+00  1.29497570e+00 
 1.43550959e+00  1.28094284e+00 
 1.44544528e+00  1.26706231e+00 
 1.45538097e+00  1.25333239e+00 
 1.46531666e+00  1.23975144e+00 
 1.47525237e+00  1.22631783e+00 
 1.48518807e+00  1.21303002e+00 
 1.49512379e+00  1.19988648e+00 
 1.50505951e+00  1.18688572e+00 
 1.51499524e+00  1.17402630e+00 
 1.52493097e+00  1.16130681e+00 
 1.53486671e+00  1.14872585e+00 
 1.54480245e+00  1.13628207e+00 
 1.55473820e+00  1.12397414e+00 
 1.56467396e+00  1.11180075e+00 
 1.57460972e+00  1.09976060e+00 
 1.58454549e+00  1.08785242e+00 
 1.59448127e+00  1.07607496e+00 
 1.60441705e+00  1.06442697e+00 
 1.61435284e+00  1.05290723e+00 
 1.62428864e+00  1.04151452e+00 
 1.63422444e+00  1.03024764e+00 
 1.64416024e+00  1.01910539e+00 
 1.65409606e+00  1.00808659e+00 
 1.66403188e+00  9.97190056e-01 
 1.67396771e+00  9.86414615e-01 
 1.68390354e+00  9.75759104e-01 
 1.69383938e+00  9.65222363e-01 
 1.70377522e+00  9.54803236e-01 
 1.71371108e+00  9.44500574e-01 
 1.72364694e+00  9.34313230e-01 
 1.73358280e+00  9.24240062e-01 
 1.74351867e+00  9.14279931e-01 
 1.75345455e+00  9.04431702e-01 
 1.76339044e+00  8.94694243e-01 
 1.77332633e+00  8.85066424e-01 
 1.78326223e+00  8.75547120e-01 
 1.79319813e+00  8.66135207e-01 
 1.80313404e+00  8.56829566e-01 
 1.81306996e+00  8.47629080e-01 
 1.82300588e+00  8.38532635e-01 
 1.83294181e+00  8.29539120e-01 
 1.84287775e+00  8.20647429e-01 
 1.85281370e+00  8.11856459e-01 
 1.86274965e+00  8.03165108e-01 
 1.87268561e+00  7.94572281e-01 
 1.88262157e+00  7.86076887e-01 
 1.89255754e+00  7.77677837e-01 
 1.90249352e+00  7.69374049e-01 
 1.91242950e+00  7.61164444e-01 
 1.92236549e+00  7.53047947e-01 
 1.93230149e+00  7.45023492e-01 
 1.94223750e+00  7.37090013e-01 
 1.95217351e+00  7.29246455e-01 
 1.96210952e+00  7.21491765e-01 
 1.97204555e+00  7.13824897e-01 
 1.98198158e+00  7.06244812e-01 
 1.99191762e+00  6.98750476e-01 
 2.00185366e+00  6.91340864e-01 
 2.01178972e+00  6.84014955e-01 
 2.02172577e+00  6.76771737e-01 
 2.03166184e+00  6.69610205e-01 
 2.04159791e+00  6.62529361e-01 
 2.05153399e+00  6.55528215e-01 
 2.06147008e+00  6.48605784e-01 
 2.07140617e+00  6.41761095e-01 
 2.08134227e+00  6.34993179e-01 
 2.09127837e+00  6.28301081e-01 
 2.10121449e+00  6.21683849e-01 
 2.11115061e+00  6.15140543e-01 
 2.12108673e+00  6.08670230e-01 
 2.13102287e+00  6.02271987e-01 
 2.14095901e+00  5.95944898e-01 
 2.15089516e+00  5.89688058e-01 
 2.16083131e+00  5.83500570e-01 
 2.17076747e+00  5.77381545e-01 
 2.18070364e+00  5.71330106e-01 
 2.19063981e+00  5.65345384e-01 
 2.20057600e+00  5.59426517e-01 
 2.21051219e+00  5.53572655e-01 
 2.22044838e+00  5.47782958e-01 
 2.23038458e+00  5.42056594e-01 
 2.24032079e+00  5.36392739e-01 
 2.25025701e+00  5.30790581e-01 
 2.26019323e+00  5.25249317e-01 
 2.27012946e+00  5.19768153e-01 
 2.28006570e+00  5.14346304e-01 
 2.29000195e+00  5.08982996e-01 
 2.29993820e+00  5.03677462e-01 
 2.30987445e+00  4.98428948e-01 
 2.31981072e+00  4.93236705e-01 
 2.32974699e+00  4.88099998e-01 
 2.33968327e+00  4.83018098e-01 
 2.34961956e+00  4.77990286e-01 
 2.35955585e+00  4.73015854e-01 
 2.36949215e+00  4.68094102e-01 
 2.37942846e+00  4.63224338e-01 
 2.38936477e+00  4.58405882e-01 
 2.39930109e+00  4.53638060e-01 
 vgt5            gmid5          
-5.61133919e-01  2.46741622e+01 
-5.51169053e-01  2.51163510e+01 
-5.41205717e-01  2.54796303e+01 
-5.31243896e-01  2.57785266e+01 
-5.21283568e-01  2.60254936e+01 
-5.11324701e-01  2.62309403e+01 
-5.01367259e-01  2.64034040e+01 
-4.91411197e-01  2.65497876e+01 
-4.81456466e-01  2.66756111e+01 
-4.71503014e-01  2.67852520e+01 
-4.61550783e-01  2.68821590e+01 
-4.51599715e-01  2.69690356e+01 
-4.41649753e-01  2.70479922e+01 
-4.31700837e-01  2.71206717e+01 
-4.21752908e-01  2.71883496e+01 
-4.11805908e-01  2.72520140e+01 
-4.01859782e-01  2.73124292e+01 
-3.91914477e-01  2.73701849e+01 
-3.81969941e-01  2.74257354e+01 
-3.72026124e-01  2.74794286e+01 
-3.62082981e-01  2.75315300e+01 
-3.52140467e-01  2.75822391e+01 
-3.42198541e-01  2.76317031e+01 
-3.32257165e-01  2.76800256e+01 
-3.22316302e-01  2.77272729e+01 
-3.12375919e-01  2.77734778e+01 
-3.02435983e-01  2.78186403e+01 
-2.92496466e-01  2.78627262e+01 
-2.82557340e-01  2.79056630e+01 
-2.72618579e-01  2.79473329e+01 
-2.62680161e-01  2.79875620e+01 
-2.52742063e-01  2.80261050e+01 
-2.42804265e-01  2.80626247e+01 
-2.32866747e-01  2.80966637e+01 
-2.22929493e-01  2.81276076e+01 
-2.12992486e-01  2.81546354e+01 
-2.03055710e-01  2.81766564e+01 
-1.93119152e-01  2.81922278e+01 
-1.83182798e-01  2.81994512e+01 
-1.73246637e-01  2.81958434e+01 
-1.63310657e-01  2.81781816e+01 
-1.53374846e-01  2.81423260e+01 
-1.43439197e-01  2.80830292e+01 
-1.33503698e-01  2.79937604e+01 
-1.23568342e-01  2.78665880e+01 
-1.13633121e-01  2.76921951e+01 
-1.03698026e-01  2.74601303e+01 
-9.37630519e-02  2.71594066e+01 
-8.38281910e-02  2.67795362e+01 
-7.38934374e-02  2.63119861e+01 
-6.39587853e-02  2.57518646e+01 
-5.40242294e-02  2.50994459e+01 
-4.40897645e-02  2.43610370e+01 
-3.41553859e-02  2.35488026e+01 
-2.42210892e-02  2.26794924e+01 
-1.42868700e-02  2.17724056e+01 
-4.35272441e-03  2.08471572e+01 
 5.58135126e-03  1.99217801e+01 
 1.55153606e-02  1.90114749e+01 
 2.54493068e-02  1.81280553e+01 
 3.53831932e-02  1.72799558e+01 
 4.53170226e-02  1.64725974e+01 
 5.52507979e-02  1.57089224e+01 
 6.51845216e-02  1.49899621e+01 
 7.51181964e-02  1.43153554e+01 
 8.50518245e-02  1.36837837e+01 
 9.49854082e-02  1.30933127e+01 
 1.04918950e-01  1.25416495e+01 
 1.14852451e-01  1.20263279e+01 
 1.24785914e-01  1.15448377e+01 
 1.34719340e-01  1.10947109e+01 
 1.44652732e-01  1.06735769e+01 
 1.54586090e-01  1.02791946e+01 
 1.64519417e-01  9.90946991e+00 
 1.74452714e-01  9.56246134e+00 
 1.84385982e-01  9.23637975e+00 
 1.94319223e-01  8.92958296e+00 
 2.04252438e-01  8.64056805e+00 
 2.14185628e-01  8.36796206e+00 
 2.24118794e-01  8.11051227e+00 
 2.34051938e-01  7.86707624e+00 
 2.43985060e-01  7.63661235e+00 
 2.53918162e-01  7.41817063e+00 
 2.63851244e-01  7.21088436e+00 
 2.73784308e-01  7.01396222e+00 
 2.83717354e-01  6.82668112e+00 
 2.93650384e-01  6.64837974e+00 
 3.03583397e-01  6.47845258e+00 
 3.13516396e-01  6.31634467e+00 
 3.23449379e-01  6.16154676e+00 
 3.33382349e-01  6.01359096e+00 
 3.43315306e-01  5.87204695e+00 
 3.53248251e-01  5.73651838e+00 
 3.63181184e-01  5.60663981e+00 
 3.73114106e-01  5.48207386e+00 
 3.83047017e-01  5.36250868e+00 
 3.92979918e-01  5.24765569e+00 
 4.02912810e-01  5.13724749e+00 
 4.12845693e-01  5.03103603e+00 
 4.22778567e-01  4.92879096e+00 
 4.32711433e-01  4.83029812e+00 
 4.42644292e-01  4.73535814e+00 
 4.52577144e-01  4.64378526e+00 
 4.62509990e-01  4.55540621e+00 
 4.72442829e-01  4.47005917e+00 
 4.82375662e-01  4.38759290e+00 
 4.92308490e-01  4.30786587e+00 
 5.02241313e-01  4.23074551e+00 
 5.12174131e-01  4.15610755e+00 
 5.22106945e-01  4.08383535e+00 
 5.32039754e-01  4.01381937e+00 
 5.41972560e-01  3.94595662e+00 
 5.51905363e-01  3.88015017e+00 
 5.61838163e-01  3.81630876e+00 
 5.71770960e-01  3.75434634e+00 
 5.81703754e-01  3.69418175e+00 
 5.91636546e-01  3.63573834e+00 
 6.01569336e-01  3.57894370e+00 
 6.11502124e-01  3.52372935e+00 
 6.21434911e-01  3.47003045e+00 
 6.31367697e-01  3.41778563e+00 
 6.41300481e-01  3.36693669e+00 
 6.51233265e-01  3.31742843e+00 
 6.61166048e-01  3.26920844e+00 
 6.71098831e-01  3.22222696e+00 
 6.81031614e-01  3.17643665e+00 
 6.90964397e-01  3.13179250e+00 
 7.00897180e-01  3.08825165e+00 
 7.10829963e-01  3.04577327e+00 
 7.20762747e-01  3.00431843e+00 
 7.30695532e-01  2.96385001e+00 
 7.40628317e-01  2.92433254e+00 
 7.50561104e-01  2.88573216e+00 
 7.60493892e-01  2.84801649e+00 
 7.70426681e-01  2.81115457e+00 
 7.80359472e-01  2.77511674e+00 
 7.90292264e-01  2.73987460e+00 
 8.00225059e-01  2.70540091e+00 
 8.10157855e-01  2.67166955e+00 
 8.20090653e-01  2.63865546e+00 
 8.30023454e-01  2.60633452e+00 
 8.39956257e-01  2.57468360e+00 
 8.49889062e-01  2.54368039e+00 
 8.59821870e-01  2.51330347e+00 
 8.69754681e-01  2.48353215e+00 
 8.79687494e-01  2.45434653e+00 
 8.89620311e-01  2.42572737e+00 
 8.99553130e-01  2.39765613e+00 
 9.09485953e-01  2.37011488e+00 
 9.19418778e-01  2.34308629e+00 
 9.29351607e-01  2.31655360e+00 
 9.39284440e-01  2.29050057e+00 
 9.49217276e-01  2.26491151e+00 
 9.59150116e-01  2.23977117e+00 
 9.69082959e-01  2.21506478e+00 
 9.79015806e-01  2.19077803e+00 
 9.88948657e-01  2.16689699e+00 
 9.98881512e-01  2.14340818e+00 
 1.00881437e+00  2.12029848e+00 
 1.01874723e+00  2.09755514e+00 
 1.02868010e+00  2.07516579e+00 
 1.03861297e+00  2.05311839e+00 
 1.04854585e+00  2.03140124e+00 
 1.05847873e+00  2.01000299e+00 
 1.06841161e+00  1.98891258e+00 
 1.07834450e+00  1.96811928e+00 
 1.08827740e+00  1.94761269e+00 
 1.09821029e+00  1.92738267e+00 
 1.10814320e+00  1.90741944e+00 
 1.11807610e+00  1.88771346e+00 
 1.12800902e+00  1.86825555e+00 
 1.13794193e+00  1.84903678e+00 
 1.14787486e+00  1.83004854e+00 
 1.15780778e+00  1.81128254e+00 
 1.16774072e+00  1.79273076e+00 
 1.17767365e+00  1.77438549e+00 
 1.18760660e+00  1.75623935e+00 
 1.19753954e+00  1.73828523e+00 
 1.20747250e+00  1.72051636e+00 
 1.21740546e+00  1.70292627e+00 
 1.22733842e+00  1.68550879e+00 
 1.23727139e+00  1.66825810e+00 
 1.24720436e+00  1.65116864e+00 
 1.25713734e+00  1.63423522e+00 
 1.26707033e+00  1.61745293e+00 
 1.27700332e+00  1.60081719e+00 
 1.28693632e+00  1.58432371e+00 
 1.29686932e+00  1.56796854e+00 
 1.30680233e+00  1.55174800e+00 
 1.31673534e+00  1.53565875e+00 
 1.32666836e+00  1.51969771e+00 
 1.33660138e+00  1.50386210e+00 
 1.34653442e+00  1.48814942e+00 
 1.35646745e+00  1.47255746e+00 
 1.36640049e+00  1.45708425e+00 
 1.37633354e+00  1.44172808e+00 
 1.38626660e+00  1.42648748e+00 
 1.39619966e+00  1.41136123e+00 
 1.40613272e+00  1.39634830e+00 
 1.41606580e+00  1.38144789e+00 
 1.42599888e+00  1.36665939e+00 
 1.43593196e+00  1.35198235e+00 
 1.44586505e+00  1.33741652e+00 
 1.45579815e+00  1.32296177e+00 
 1.46573125e+00  1.30861812e+00 
 1.47566436e+00  1.29438573e+00 
 1.48559747e+00  1.28026485e+00 
 1.49553060e+00  1.26625583e+00 
 1.50546372e+00  1.25235911e+00 
 1.51539686e+00  1.23857520e+00 
 1.52533000e+00  1.22490467e+00 
 1.53526315e+00  1.21134812e+00 
 1.54519630e+00  1.19790619e+00 
 1.55512946e+00  1.18457957e+00 
 1.56506263e+00  1.17136892e+00 
 1.57499580e+00  1.15827493e+00 
 1.58492898e+00  1.14529828e+00 
 1.59486216e+00  1.13243962e+00 
 1.60479535e+00  1.11969959e+00 
 1.61472855e+00  1.10707880e+00 
 1.62466176e+00  1.09457782e+00 
 1.63459497e+00  1.08219718e+00 
 1.64452819e+00  1.06993735e+00 
 1.65446141e+00  1.05779877e+00 
 1.66439464e+00  1.04578181e+00 
 1.67432788e+00  1.03388679e+00 
 1.68426113e+00  1.02211396e+00 
 1.69419438e+00  1.01046350e+00 
 1.70412763e+00  9.98935555e-01 
 1.71406090e+00  9.87530171e-01 
 1.72399417e+00  9.76247347e-01 
 1.73392745e+00  9.65087010e-01 
 1.74386073e+00  9.54049020e-01 
 1.75379402e+00  9.43133174e-01 
 1.76372732e+00  9.32339201e-01 
 1.77366063e+00  9.21666770e-01 
 1.78359394e+00  9.11115486e-01 
 1.79352726e+00  9.00684893e-01 
 1.80346058e+00  8.90374478e-01 
 1.81339392e+00  8.80183671e-01 
 1.82332726e+00  8.70111846e-01 
 1.83326060e+00  8.60158328e-01 
 1.84319395e+00  8.50322390e-01 
 1.85312731e+00  8.40603258e-01 
 1.86306068e+00  8.31000114e-01 
 1.87299405e+00  8.21512096e-01 
 1.88292743e+00  8.12138306e-01 
 1.89286082e+00  8.02877804e-01 
 1.90279422e+00  7.93729620e-01 
 1.91272762e+00  7.84692747e-01 
 1.92266102e+00  7.75766153e-01 
 1.93259444e+00  7.66948775e-01 
 1.94252786e+00  7.58239527e-01 
 1.95246129e+00  7.49637302e-01 
 1.96239473e+00  7.41140968e-01 
 1.97232817e+00  7.32749380e-01 
 1.98226162e+00  7.24461373e-01 
 1.99219508e+00  7.16275771e-01 
 2.00212854e+00  7.08191383e-01 
 2.01206201e+00  7.00207011e-01 
 2.02199549e+00  6.92321447e-01 
 2.03192898e+00  6.84533475e-01 
 2.04186247e+00  6.76841877e-01 
 2.05179597e+00  6.69245428e-01 
 2.06172947e+00  6.61742905e-01 
 2.07166299e+00  6.54333081e-01 
 2.08159651e+00  6.47014731e-01 
 2.09153004e+00  6.39786631e-01 
 2.10146357e+00  6.32647562e-01 
 2.11139711e+00  6.25596307e-01 
 2.12133066e+00  6.18631655e-01 
 2.13126422e+00  6.11752402e-01 
 2.14119778e+00  6.04957348e-01 
 2.15113135e+00  5.98245305e-01 
 2.16106493e+00  5.91615089e-01 
 2.17099851e+00  5.85065529e-01 
 2.18093211e+00  5.78595461e-01 
 2.19086570e+00  5.72203733e-01 
 2.20079931e+00  5.65889204e-01 
 2.21073292e+00  5.59650743e-01 
 2.22066654e+00  5.53487231e-01 
 2.23060017e+00  5.47397563e-01 
 2.24053381e+00  5.41380645e-01 
 2.25046745e+00  5.35435395e-01 
 2.26040110e+00  5.29560747e-01 
 2.27033476e+00  5.23755646e-01 
 2.28026842e+00  5.18019051e-01 
 2.29020209e+00  5.12349935e-01 
 2.30013577e+00  5.06747284e-01 
 2.31006945e+00  5.01210099e-01 
 2.32000315e+00  4.95737396e-01 
 2.32993685e+00  4.90328202e-01 
 2.33987055e+00  4.84981561e-01 
 2.34980427e+00  4.79696530e-01 
 2.35973799e+00  4.74472179e-01 
 2.36967172e+00  4.69307595e-01 
 2.37960546e+00  4.64201878e-01 
 2.38953920e+00  4.59154139e-01 
 2.39947295e+00  4.54163508e-01 
 2.40940671e+00  4.49229126e-01 
 2.41934047e+00  4.44350147e-01 
 vgt10           gmid10         
-5.53806795e-01  2.37418679e+01 
-5.43842348e-01  2.43674872e+01 
-5.33879449e-01  2.48826539e+01 
-5.23918083e-01  2.53051609e+01 
-5.13958227e-01  2.56513430e+01 
-5.03999851e-01  2.59355410e+01 
-4.94042915e-01  2.61699467e+01 
-4.84087377e-01  2.63646829e+01 
-4.74133185e-01  2.65280068e+01 
-4.64180287e-01  2.66665632e+01 
-4.54228625e-01  2.67856452e+01 
-4.44278141e-01  2.68894350e+01 
-4.34328775e-01  2.69812173e+01 
-4.24380467e-01  2.70635590e+01 
-4.14433158e-01  2.71384587e+01 
-4.04486790e-01  2.72074672e+01 
-3.94541306e-01  2.72717846e+01 
-3.84596653e-01  2.73323371e+01 
-3.74652777e-01  2.73898374e+01 
-3.64709630e-01  2.74448315e+01 
-3.54767164e-01  2.74977348e+01 
-3.44825335e-01  2.75488600e+01 
-3.34884101e-01  2.75984379e+01 
-3.24943423e-01  2.76466320e+01 
-3.15003265e-01  2.76935496e+01 
-3.05063591e-01  2.77392474e+01 
-2.95124371e-01  2.77837347e+01 
-2.85185575e-01  2.78269724e+01 
-2.75247174e-01  2.78688680e+01 
-2.65309143e-01  2.79092674e+01 
-2.55371458e-01  2.79479410e+01 
-2.45434098e-01  2.79845641e+01 
-2.35497041e-01  2.80186906e+01 
-2.25560267e-01  2.80497163e+01 
-2.15623761e-01  2.80768317e+01 
-2.05687504e-01  2.80989598e+01 
-1.95751481e-01  2.81146760e+01 
-1.85815679e-01  2.81221071e+01 
-1.75880084e-01  2.81188069e+01 
-1.65944683e-01  2.81016073e+01 
-1.56009465e-01  2.80664482e+01 
-1.46074420e-01  2.80081997e+01 
-1.36139537e-01  2.79204992e+01 
-1.26204806e-01  2.77956503e+01 
-1.16270221e-01  2.76246514e+01 
-1.06335771e-01  2.73974481e+01 
-9.64014497e-02  2.71035107e+01 
-8.64672500e-02  2.67328095e+01 
-7.65331652e-02  2.62771673e+01 
-6.65991889e-02  2.57318149e+01 
-5.66653153e-02  2.50967984e+01 
-4.67315390e-02  2.43777999e+01 
-3.67978549e-02  2.35860247e+01 
-2.68642581e-02  2.27370900e+01 
-1.69307441e-02  2.18491937e+01 
-6.99730854e-03  2.09410558e+01 
 2.93605248e-03  2.00301203e+01 
 1.28693428e-02  1.91313198e+01 
 2.28025659e-02  1.82564747e+01 
 3.27357253e-02  1.74142231e+01 
 4.26688240e-02  1.66103081e+01 
 5.26018651e-02  1.58480461e+01 
 6.25348514e-02  1.51288466e+01 
 7.24677856e-02  1.44527010e+01 
 8.24006702e-02  1.38186019e+01 
 9.23335076e-02  1.32248793e+01 
 1.02266300e-01  1.26694577e+01 
 1.12199050e-01  1.21500461e+01 
 1.22131759e-01  1.16642720e+01 
 1.32064429e-01  1.12097741e+01 
 1.41997062e-01  1.07842625e+01 
 1.51929660e-01  1.03855562e+01 
 1.61862225e-01  1.00116044e+01 
 1.71794758e-01  9.66049649e+00 
 1.81727260e-01  9.33046368e+00 
 1.91659733e-01  9.01987670e+00 
 2.01592178e-01  8.72723961e+00 
 2.11524597e-01  8.45118212e+00 
 2.21456991e-01  8.19045089e+00 
 2.31389362e-01  7.94390058e+00 
 2.41321709e-01  7.71048497e+00 
 2.51254034e-01  7.48924839e+00 
 2.61186339e-01  7.27931769e+00 
 2.71118625e-01  7.07989466e+00 
 2.81050891e-01  6.89024917e+00 
 2.90983140e-01  6.70971279e+00 
 3.00915371e-01  6.53767301e+00 
 3.10847586e-01  6.37356800e+00 
 3.20779787e-01  6.21688191e+00 
 3.30711972e-01  6.06714053e+00 
 3.40644143e-01  5.92390745e+00 
 3.50576302e-01  5.78678061e+00 
 3.60508448e-01  5.65538913e+00 
 3.70440581e-01  5.52939052e+00 
 3.80372704e-01  5.40846812e+00 
 3.90304816e-01  5.29232881e+00 
 4.00236918e-01  5.18070096e+00 
 4.10169010e-01  5.07333255e+00 
 4.20101093e-01  4.96998953e+00 
 4.30033168e-01  4.87045423e+00 
 4.39965235e-01  4.77452407e+00 
 4.49897294e-01  4.68201025e+00 
 4.59829346e-01  4.59273666e+00 
 4.69761391e-01  4.50653886e+00 
 4.79693430e-01  4.42326314e+00 
 4.89625463e-01  4.34276565e+00 
 4.99557491e-01  4.26491170e+00 
 5.09489513e-01  4.18957501e+00 
 5.19421531e-01  4.11663708e+00 
 5.29353544e-01  4.04598662e+00 
 5.39285554e-01  3.97751903e+00 
 5.49217559e-01  3.91113588e+00 
 5.59149561e-01  3.84674448e+00 
 5.69081560e-01  3.78425748e+00 
 5.79013557e-01  3.72359250e+00 
 5.88945550e-01  3.66467176e+00 
 5.98877542e-01  3.60742179e+00 
 6.08809531e-01  3.55177312e+00 
 6.18741519e-01  3.49766003e+00 
 6.28673505e-01  3.44502029e+00 
 6.38605490e-01  3.39379491e+00 
 6.48537473e-01  3.34392799e+00 
 6.58469457e-01  3.29536645e+00 
 6.68401439e-01  3.24805991e+00 
 6.78333421e-01  3.20196049e+00 
 6.88265403e-01  3.15702265e+00 
 6.98197385e-01  3.11320307e+00 
 7.08129367e-01  3.07046050e+00 
 7.18061350e-01  3.02875563e+00 
 7.27993333e-01  2.98805099e+00 
 7.37925317e-01  2.94831081e+00 
 7.47857301e-01  2.90950097e+00 
 7.57789287e-01  2.87158885e+00 
 7.67721275e-01  2.83454328e+00 
 7.77653263e-01  2.79833443e+00 
 7.87585253e-01  2.76293376e+00 
 7.97517245e-01  2.72831392e+00 
 8.07449239e-01  2.69444869e+00 
 8.17381234e-01  2.66131294e+00 
 8.27313232e-01  2.62888252e+00 
 8.37245232e-01  2.59713425e+00 
 8.47177235e-01  2.56604585e+00 
 8.57109239e-01  2.53559586e+00 
 8.67041247e-01  2.50576365e+00 
 8.76973257e-01  2.47652932e+00 
 8.86905270e-01  2.44787369e+00 
 8.96837286e-01  2.41977825e+00 
 9.06769305e-01  2.39222512e+00 
 9.16701328e-01  2.36519702e+00 
 9.26633353e-01  2.33867721e+00 
 9.36565382e-01  2.31264950e+00 
 9.46497414e-01  2.28709819e+00 
 9.56429450e-01  2.26200805e+00 
 9.66361490e-01  2.23736427e+00 
 9.76293533e-01  2.21315249e+00 
 9.86225580e-01  2.18935872e+00 
 9.96157631e-01  2.16596933e+00 
 1.00608969e+00  2.14297106e+00 
 1.01602174e+00  2.12035095e+00 
 1.02595381e+00  2.09809637e+00 
 1.03588588e+00  2.07619499e+00 
 1.04581795e+00  2.05463472e+00 
 1.05575002e+00  2.03340377e+00 
 1.06568210e+00  2.01249060e+00 
 1.07561419e+00  1.99188389e+00 
 1.08554628e+00  1.97157258e+00 
 1.09547837e+00  1.95154582e+00 
 1.10541047e+00  1.93179301e+00 
 1.11534257e+00  1.91230373e+00 
 1.12527468e+00  1.89306783e+00 
 1.13520680e+00  1.87407533e+00 
 1.14513891e+00  1.85531651e+00 
 1.15507104e+00  1.83678186e+00 
 1.16500317e+00  1.81846210e+00 
 1.17493530e+00  1.80034820e+00 
 1.18486744e+00  1.78243136e+00 
 1.19479958e+00  1.76470306e+00 
 1.20473173e+00  1.74715501e+00 
 1.21466389e+00  1.72977925e+00 
 1.22459605e+00  1.71256806e+00 
 1.23452821e+00  1.69551406e+00 
 1.24446038e+00  1.67861016e+00 
 1.25439256e+00  1.66184962e+00 
 1.26432474e+00  1.64522604e+00 
 1.27425693e+00  1.62873336e+00 
 1.28418912e+00  1.61236590e+00 
 1.29412132e+00  1.59611835e+00 
 1.30405352e+00  1.57998578e+00 
 1.31398573e+00  1.56396366e+00 
 1.32391795e+00  1.54804786e+00 
 1.33385017e+00  1.53223465e+00 
 1.34378239e+00  1.51652071e+00 
 1.35371463e+00  1.50090310e+00 
 1.36364687e+00  1.48537931e+00 
 1.37357911e+00  1.46994721e+00 
 1.38351136e+00  1.45460505e+00 
 1.39344362e+00  1.43935149e+00 
 1.40337588e+00  1.42418553e+00 
 1.41330815e+00  1.40910652e+00 
 1.42324043e+00  1.39411416e+00 
 1.43317271e+00  1.37920846e+00 
 1.44310499e+00  1.36438973e+00 
 1.45303729e+00  1.34965856e+00 
 1.46296959e+00  1.33501580e+00 
 1.47290189e+00  1.32046251e+00 
 1.48283421e+00  1.30599999e+00 
 1.49276653e+00  1.29162968e+00 
 1.50269885e+00  1.27735323e+00 
 1.51263118e+00  1.26317238e+00 
 1.52256352e+00  1.24908902e+00 
 1.53249586e+00  1.23510508e+00 
 1.54242821e+00  1.22122260e+00 
 1.55236057e+00  1.20744363e+00 
 1.56229293e+00  1.19377026e+00 
 1.57222530e+00  1.18020456e+00 
 1.58215768e+00  1.16674860e+00 
 1.59209006e+00  1.15340442e+00 
 1.60202245e+00  1.14017397e+00 
 1.61195485e+00  1.12705919e+00 
 1.62188725e+00  1.11406190e+00 
 1.63181966e+00  1.10118384e+00 
 1.64175208e+00  1.08842667e+00 
 1.65168450e+00  1.07579191e+00 
 1.66161693e+00  1.06328100e+00 
 1.67154936e+00  1.05089522e+00 
 1.68148181e+00  1.03863576e+00 
 1.69141426e+00  1.02650367e+00 
 1.70134671e+00  1.01449986e+00 
 1.71127917e+00  1.00262512e+00 
 1.72121164e+00  9.90880104e-01 
 1.73114412e+00  9.79265335e-01 
 1.74107660e+00  9.67781211e-01 
 1.75100909e+00  9.56427998e-01 
 1.76094159e+00  9.45205842e-01 
 1.77087409e+00  9.34114767e-01 
 1.78080660e+00  9.23154679e-01 
 1.79073912e+00  9.12325374e-01 
 1.80067165e+00  9.01626540e-01 
 1.81060418e+00  8.91057759e-01 
 1.82053671e+00  8.80618519e-01 
 1.83046926e+00  8.70308213e-01 
 1.84040181e+00  8.60126147e-01 
 1.85033437e+00  8.50071544e-01 
 1.86026694e+00  8.40143550e-01 
 1.87019951e+00  8.30341240e-01 
 1.88013209e+00  8.20663622e-01 
 1.89006467e+00  8.11109643e-01 
 1.89999727e+00  8.01678191e-01 
 1.90992987e+00  7.92368106e-01 
 1.91986248e+00  7.83178179e-01 
 1.92979509e+00  7.74107159e-01 
 1.93972771e+00  7.65153755e-01 
 1.94966034e+00  7.56316646e-01 
 1.95959298e+00  7.47594478e-01 
 1.96952562e+00  7.38985873e-01 
 1.97945827e+00  7.30489428e-01 
 1.98939093e+00  7.22103724e-01 
 1.99932359e+00  7.13827325e-01 
 2.00925626e+00  7.05658782e-01 
 2.01918894e+00  6.97596637e-01 
 2.02912163e+00  6.89639424e-01 
 2.03905432e+00  6.81785673e-01 
 2.04898702e+00  6.74033913e-01 
 2.05891973e+00  6.66382672e-01 
 2.06885244e+00  6.58830478e-01 
 2.07878516e+00  6.51375867e-01 
 2.08871789e+00  6.44017377e-01 
 2.09865063e+00  6.36753556e-01 
 2.10858337e+00  6.29582959e-01 
 2.11851612e+00  6.22504152e-01 
 2.12844888e+00  6.15515711e-01 
 2.13838164e+00  6.08616225e-01 
 2.14831442e+00  6.01804297e-01 
 2.15824719e+00  5.95078544e-01 
 2.16817998e+00  5.88437597e-01 
 2.17811277e+00  5.81880104e-01 
 2.18804558e+00  5.75404728e-01 
 2.19797838e+00  5.69010149e-01 
 2.20791120e+00  5.62695067e-01 
 2.21784402e+00  5.56458197e-01 
 2.22777685e+00  5.50298272e-01 
 2.23770969e+00  5.44214045e-01 
 2.24764253e+00  5.38204286e-01 
 2.25757538e+00  5.32267786e-01 
 2.26750824e+00  5.26403353e-01 
 2.27744111e+00  5.20609814e-01 
 2.28737398e+00  5.14886016e-01 
 2.29730686e+00  5.09230825e-01 
 2.30723975e+00  5.03643126e-01 
 2.31717265e+00  4.98121822e-01 
 2.32710555e+00  4.92665837e-01 
 2.33703846e+00  4.87274111e-01 
 2.34697138e+00  4.81945606e-01 
 2.35690430e+00  4.76679300e-01 
 2.36683724e+00  4.71474191e-01 
 2.37677017e+00  4.66329293e-01 
 2.38670312e+00  4.61243641e-01 
 2.39663608e+00  4.56216287e-01 
 2.40656904e+00  4.51246298e-01 
 2.41650201e+00  4.46332762e-01 
 2.42643498e+00  4.41474782e-01 
