 gmid0.5         idw0.5         
 2.46023601e+01  1.18768890e-08 
 2.49047849e+01  1.52132813e-08 
 2.51650239e+01  1.95416804e-08 
 2.53907352e+01  2.51624887e-08 
 2.55882977e+01  3.24685079e-08 
 2.57629639e+01  4.19737369e-08 
 2.59190136e+01  5.43512685e-08 
 2.60599074e+01  7.04831678e-08 
 2.61884287e+01  9.15261667e-08 
 2.63068061e+01  1.18998244e-07 
 2.64168198e+01  1.54892789e-07 
 2.65198878e+01  2.01829244e-07 
 2.66171399e+01  2.63251958e-07 
 2.67094750e+01  3.43692870e-07 
 2.67976102e+01  4.49118651e-07 
 2.68821179e+01  5.87389747e-07 
 2.69634564e+01  7.68867698e-07 
 2.70419944e+01  1.00721902e-06 
 2.71180295e+01  1.32047984e-06 
 2.71918033e+01  1.73246655e-06 
 2.72635134e+01  2.27464586e-06 
 2.73333223e+01  2.98861503e-06 
 2.74013647e+01  3.92939290e-06 
 2.74677531e+01  5.16978892e-06 
 2.75325819e+01  6.80620570e-06 
 2.75959305e+01  8.96634896e-06 
 2.76578660e+01  1.18194762e-05 
 2.77184443e+01  1.55900262e-05 
 2.77777115e+01  2.05757504e-05 
 2.78357040e+01  2.71718455e-05 
 2.78924482e+01  3.59030818e-05 
 2.79479597e+01  4.74665950e-05 
 2.80022419e+01  6.27888955e-05 
 2.80552829e+01  8.31018449e-05 
 2.81070522e+01  1.10043931e-04 
 2.81574956e+01  1.45795292e-04 
 2.82065280e+01  1.93257765e-04 
 2.82540239e+01  2.56294962e-04 
 2.82998048e+01  3.40052371e-04 
 2.83436223e+01  4.51384053e-04 
 2.83851346e+01  5.99421135e-04 
 2.84238772e+01  7.96328680e-04 
 2.84592219e+01  1.05831220e-03 
 2.84903250e+01  1.40695398e-03 
 2.85160575e+01  1.87098310e-03 
 2.85349167e+01  2.48861258e-03 
 2.85449115e+01  3.31061136e-03 
 2.85434196e+01  4.40431785e-03 
 2.85270130e+01  5.85884017e-03 
 2.84912542e+01  7.79171726e-03 
 2.84304745e+01  1.03573199e-02 
 2.83375609e+01  1.37572208e-02 
 2.82038072e+01  1.82526225e-02 
 2.80189180e+01  2.41786419e-02 
 2.77712957e+01  3.19597753e-02 
 2.74487587e+01  4.21251862e-02 
 2.70398033e+01  5.53216832e-02 
 2.65353793e+01  7.23216221e-02 
 2.59309050e+01  9.40228951e-02 
 2.52279879e+01  1.21439028e-01 
 2.44352214e+01  1.55679257e-01 
 2.35676442e+01  1.97920778e-01 
 2.26449277e+01  2.49377222e-01 
 2.16888240e+01  3.11267965e-01 
 2.07206073e+01  3.84792061e-01 
 1.97590979e+01  4.71108807e-01 
 1.88195270e+01  5.71325224e-01 
 1.79131977e+01  6.86489438e-01 
 1.70477197e+01  8.17588449e-01 
 1.62275638e+01  9.65548739e-01 
 1.54547284e+01  1.13123847e+00 
 1.47293845e+01  1.31547039e+00 
 1.40504324e+01  1.51900489e+00 
 1.34159449e+01  1.74255292e+00 
 1.28235030e+01  1.98677858e+00 
 1.22704385e+01  2.25230145e+00 
 1.17540021e+01  2.53969852e+00 
 1.12714752e+01  2.84950593e+00 
 1.08202411e+01  3.18222036e+00 
 1.03978266e+01  3.53830036e+00 
 1.00019234e+01  3.91816747e+00 
 9.63039671e+00  4.32220718e+00 
 9.28128416e+00  4.75076991e+00 
 8.95278995e+00  5.20417187e+00 
 8.64327554e+00  5.68269584e+00 
 8.35124873e+00  6.18659202e+00 
 8.07535209e+00  6.71607877e+00 
 7.81435147e+00  7.27134336e+00 
 7.56712480e+00  7.85254277e+00 
 7.33265168e+00  8.45980441e+00 
 7.11000359e+00  9.09322691e+00 
 6.89833499e+00  9.75288088e+00 
 6.69687519e+00  1.04388097e+01 
 6.50492100e+00  1.11510303e+01 
 6.32183006e+00  1.18895340e+01 
 6.14701493e+00  1.26542874e+01 
 5.97993771e+00  1.34452328e+01 
 5.82010521e+00  1.42622898e+01 
 5.66706471e+00  1.51053555e+01 
 5.52040007e+00  1.59743055e+01 
 5.37972827e+00  1.68689950e+01 
 5.24469634e+00  1.77892596e+01 
 5.11497857e+00  1.87349162e+01 
 4.99027400e+00  1.97057636e+01 
 4.87030423e+00  2.07015840e+01 
 4.75481134e+00  2.17221433e+01 
 4.64355615e+00  2.27671924e+01 
 4.53631650e+00  2.38364680e+01 
 4.43288586e+00  2.49296933e+01 
 4.33307194e+00  2.60465793e+01 
 4.23669552e+00  2.71868253e+01 
 4.14358934e+00  2.83501198e+01 
 4.05359714e+00  2.95361417e+01 
 3.96657272e+00  3.07445607e+01 
 3.88237918e+00  3.19750383e+01 
 3.80088816e+00  3.32272287e+01 
 3.72197915e+00  3.45007794e+01 
 3.64553892e+00  3.57953320e+01 
 3.57146094e+00  3.71105230e+01 
 3.49964487e+00  3.84459843e+01 
 3.42999613e+00  3.98013443e+01 
 3.36242542e+00  4.11762280e+01 
 3.29684840e+00  4.25702581e+01 
 3.23318529e+00  4.39830551e+01 
 3.17136059e+00  4.54142383e+01 
 3.11130273e+00  4.68634263e+01 
 3.05294385e+00  4.83302372e+01 
 2.99621953e+00  4.98142892e+01 
 2.94106855e+00  5.13152012e+01 
 2.88743271e+00  5.28325932e+01 
 2.83525662e+00  5.43660864e+01 
 2.78448751e+00  5.59153040e+01 
 2.73507509e+00  5.74798712e+01 
 2.68697139e+00  5.90594156e+01 
 2.64013062e+00  6.06535676e+01 
 2.59450904e+00  6.22619607e+01 
 2.55006483e+00  6.38842315e+01 
 2.50675802e+00  6.55200200e+01 
 2.46455032e+00  6.71689701e+01 
 2.42340510e+00  6.88307293e+01 
 2.38328724e+00  7.05049495e+01 
 2.34416308e+00  7.21912863e+01 
 2.30600036e+00  7.38893999e+01 
 2.26876808e+00  7.55989548e+01 
 2.23243652e+00  7.73196202e+01 
 2.19697711e+00  7.90510697e+01 
 2.16236242e+00  8.07929816e+01 
 2.12856606e+00  8.25450390e+01 
 2.09556267e+00  8.43069297e+01 
 2.06332784e+00  8.60783464e+01 
 2.03183810e+00  8.78589867e+01 
 2.00107083e+00  8.96485528e+01 
 1.97100427e+00  9.14467520e+01 
 1.94161745e+00  9.32532964e+01 
 1.91289016e+00  9.50679030e+01 
 1.88480292e+00  9.68902936e+01 
 1.85733696e+00  9.87201949e+01 
 1.83047416e+00  1.00557338e+02 
 1.80419705e+00  1.02401460e+02 
 1.77848878e+00  1.04252301e+02 
 1.75333307e+00  1.06109607e+02 
 1.72871421e+00  1.07973128e+02 
 1.70461704e+00  1.09842620e+02 
 1.68102691e+00  1.11717841e+02 
 1.65792966e+00  1.13598556e+02 
 1.63531162e+00  1.15484533e+02 
 1.61315957e+00  1.17375545e+02 
 1.59146073e+00  1.19271369e+02 
 1.57020276e+00  1.21171786e+02 
 1.54937370e+00  1.23076583e+02 
 1.52896199e+00  1.24985549e+02 
 1.50895647e+00  1.26898478e+02 
 1.48934631e+00  1.28815168e+02 
 1.47012105e+00  1.30735421e+02 
 1.45127055e+00  1.32659042e+02 
 1.43278500e+00  1.34585841e+02 
 1.41465491e+00  1.36515632e+02 
 1.39687107e+00  1.38448231e+02 
 1.37942458e+00  1.40383459e+02 
 1.36230680e+00  1.42321141e+02 
 1.34550937e+00  1.44261104e+02 
 1.32902419e+00  1.46203179e+02 
 1.31284339e+00  1.48147200e+02 
 1.29695937e+00  1.50093007e+02 
 1.28136473e+00  1.52040439e+02 
 1.26605232e+00  1.53989340e+02 
 1.25101520e+00  1.55939559e+02 
 1.23624662e+00  1.57890946e+02 
 1.22174005e+00  1.59843354e+02 
 1.20748916e+00  1.61796639e+02 
 1.19348778e+00  1.63750661e+02 
 1.17972995e+00  1.65705282e+02 
 1.16620987e+00  1.67660366e+02 
 1.15292191e+00  1.69615782e+02 
 1.13986060e+00  1.71571399e+02 
 1.12702065e+00  1.73527089e+02 
 1.11439688e+00  1.75482730e+02 
 1.10198430e+00  1.77438197e+02 
 1.08977804e+00  1.79393372e+02 
 1.07777338e+00  1.81348138e+02 
 1.06596572e+00  1.83302378e+02 
 1.05435058e+00  1.85255981e+02 
 1.04292365e+00  1.87208837e+02 
 1.03168069e+00  1.89160836e+02 
 1.02061759e+00  1.91111874e+02 
 1.00973038e+00  1.93061845e+02 
 9.99015174e-01  1.95010648e+02 
 9.88468190e-01  1.96958184e+02 
 9.78085759e-01  1.98904354e+02 
 9.67864309e-01  2.00849062e+02 
 9.57800361e-01  2.02792216e+02 
 9.47890532e-01  2.04733721e+02 
 9.38131529e-01  2.06673489e+02 
 9.28520145e-01  2.08611430e+02 
 9.19053258e-01  2.10547459e+02 
 9.09727828e-01  2.12481489e+02 
 9.00540895e-01  2.14413438e+02 
 8.91489576e-01  2.16343223e+02 
 8.82571062e-01  2.18270766e+02 
 8.73782618e-01  2.20195987e+02 
 8.65121578e-01  2.22118809e+02 
 8.56585344e-01  2.24039157e+02 
 8.48171384e-01  2.25956958e+02 
 8.39877232e-01  2.27872138e+02 
 8.31700481e-01  2.29784627e+02 
 8.23638787e-01  2.31694354e+02 
 8.15689865e-01  2.33601253e+02 
 8.07851483e-01  2.35505256e+02 
 8.00121468e-01  2.37406297e+02 
 7.92497700e-01  2.39304312e+02 
 7.84978109e-01  2.41199239e+02 
 7.77560678e-01  2.43091014e+02 
 7.70243438e-01  2.44979579e+02 
 7.63024466e-01  2.46864873e+02 
 7.55901888e-01  2.48746838e+02 
 7.48873873e-01  2.50625418e+02 
 7.41938636e-01  2.52500557e+02 
 7.35094431e-01  2.54372199e+02 
 7.28339557e-01  2.56240291e+02 
 7.21672351e-01  2.58104780e+02 
 7.15091188e-01  2.59965615e+02 
 7.08594483e-01  2.61822746e+02 
 7.02180687e-01  2.63676122e+02 
 6.95848287e-01  2.65525695e+02 
 6.89595806e-01  2.67371418e+02 
 6.83421797e-01  2.69213244e+02 
 6.77324851e-01  2.71051127e+02 
 6.71303587e-01  2.72885023e+02 
 6.65356659e-01  2.74714886e+02 
 6.59482747e-01  2.76540676e+02 
 6.53680565e-01  2.78362349e+02 
 6.47948852e-01  2.80179863e+02 
 6.42286378e-01  2.81993180e+02 
 6.36691938e-01  2.83802258e+02 
 6.31164355e-01  2.85607059e+02 
 6.25702478e-01  2.87407545e+02 
 6.20305179e-01  2.89203679e+02 
 6.14971357e-01  2.90995424e+02 
 6.09699935e-01  2.92782744e+02 
 6.04489856e-01  2.94565605e+02 
 5.99340089e-01  2.96343971e+02 
 5.94249625e-01  2.98117810e+02 
 5.89217474e-01  2.99887088e+02 
 5.84242670e-01  3.01651774e+02 
 5.79324264e-01  3.03411835e+02 
 5.74461331e-01  3.05167240e+02 
 5.69652961e-01  3.06917960e+02 
 5.64898268e-01  3.08663965e+02 
 5.60196379e-01  3.10405226e+02 
 5.55546444e-01  3.12141713e+02 
 5.50947627e-01  3.13873401e+02 
 5.46399111e-01  3.15600261e+02 
 5.41900094e-01  3.17322266e+02 
 5.37449794e-01  3.19039391e+02 
 5.33047440e-01  3.20751611e+02 
 5.28692280e-01  3.22458900e+02 
 5.24383575e-01  3.24161233e+02 
 5.20120603e-01  3.25858588e+02 
 5.15902656e-01  3.27550941e+02 
 5.11729037e-01  3.29238269e+02 
 5.07599067e-01  3.30920549e+02 
 5.03512077e-01  3.32597761e+02 
 4.99467414e-01  3.34269882e+02 
 4.95464436e-01  3.35936892e+02 
 4.91502514e-01  3.37598771e+02 
 4.87581031e-01  3.39255499e+02 
 4.83699381e-01  3.40907056e+02 
 4.79856973e-01  3.42553423e+02 
 4.76053223e-01  3.44194582e+02 
 4.72287561e-01  3.45830516e+02 
 4.68559427e-01  3.47461206e+02 
 4.64868272e-01  3.49086635e+02 
 4.61213557e-01  3.50706786e+02 
 4.57594753e-01  3.52321644e+02 
 4.54011340e-01  3.53931192e+02 
 4.50462811e-01  3.55535414e+02 
 4.46948664e-01  3.57134296e+02 
 4.43468410e-01  3.58727823e+02 
 4.40021567e-01  3.60315981e+02 
 4.36607663e-01  3.61898755e+02 
 4.33226233e-01  3.63476132e+02 
 gmid1           idw1           
 2.47870058e+01  6.24897112e-09 
 2.52440700e+01  8.02566913e-09 
 2.56216258e+01  1.03504856e-08 
 2.59341933e+01  1.33947277e-08 
 2.61942470e+01  1.73838650e-08 
 2.64122293e+01  2.26148341e-08 
 2.65967168e+01  2.94789245e-08 
 2.67546505e+01  3.84920625e-08 
 2.68915867e+01  5.03349033e-08 
 2.70119340e+01  6.59059408e-08 
 2.71191686e+01  8.63918883e-08 
 2.72160173e+01  1.13360999e-07 
 2.73046115e+01  1.48886858e-07 
 2.73866123e+01  1.95712687e-07 
 2.74633113e+01  2.57469502e-07 
 2.75357120e+01  3.38965937e-07 
 2.76045934e+01  4.46573413e-07 
 2.76705602e+01  5.88738309e-07 
 2.77340817e+01  7.76663258e-07 
 2.77955229e+01  1.02521384e-06 
 2.78551677e+01  1.35412578e-06 
 2.79132374e+01  1.78961288e-06 
 2.79699046e+01  2.36650964e-06 
 2.80253039e+01  3.13112760e-06 
 2.80795402e+01  4.14506449e-06 
 2.81326943e+01  5.49028625e-06 
 2.81848278e+01  7.27590958e-06 
 2.82359855e+01  9.64725770e-06 
 2.82861974e+01  1.27979550e-05 
 2.83354795e+01  1.69860862e-05 
 2.83838331e+01  2.25557921e-05 
 2.84312433e+01  2.99661397e-05 
 2.84776765e+01  3.98297253e-05 
 2.85230754e+01  5.29643028e-05 
 2.85673532e+01  7.04618393e-05 
 2.86103843e+01  9.37808866e-05 
 2.86519926e+01  1.24870129e-04 
 2.86919350e+01  1.66333594e-04 
 2.87298790e+01  2.21651489e-04 
 2.87653738e+01  2.95475171e-04 
 2.87978104e+01  3.94020754e-04 
 2.88263695e+01  5.25593512e-04 
 2.88499522e+01  7.01285042e-04 
 2.88670899e+01  9.35897291e-04 
 2.88758259e+01  1.24916210e-03 
 2.88735660e+01  1.66734146e-03 
 2.88568903e+01  2.22531036e-03 
 2.88213268e+01  2.96923816e-03 
 2.87610940e+01  3.95998752e-03 
 2.86688369e+01  5.27733239e-03 
 2.85354108e+01  7.02503777e-03 
 2.83498156e+01  9.33672217e-03 
 2.80994343e+01  1.23822136e-02 
 2.77707711e+01  1.63738073e-02 
 2.73508531e+01  2.15714788e-02 
 2.68292913e+01  2.82858205e-02 
 2.62006838e+01  3.68774489e-02 
 2.54666927e+01  4.77520558e-02 
 2.46369993e+01  6.13511694e-02 
 2.37286218e+01  7.81397775e-02 
 2.27637053e+01  9.85927741e-02 
 2.17664790e+01  1.23182348e-01 
 2.07602904e+01  1.52367907e-01 
 1.97654074e+01  1.86589261e-01 
 1.87978493e+01  2.26262940e-01 
 1.78691420e+01  2.71781025e-01 
 1.69867038e+01  3.23511682e-01 
 1.61545539e+01  3.81800674e-01 
 1.53741059e+01  4.46973294e-01 
 1.46449045e+01  5.19336354e-01 
 1.39652411e+01  5.99180057e-01 
 1.33326302e+01  6.86779627e-01 
 1.27441602e+01  7.82396705e-01 
 1.21967397e+01  8.86280508e-01 
 1.16872628e+01  9.98668777e-01 
 1.12127148e+01  1.11978857e+00 
 1.07702351e+01  1.24985689e+00 
 1.03571520e+01  1.38908125e+00 
 9.97099605e+00  1.53766008e+00 
 9.60950251e+00  1.69578314e+00 
 9.27060474e+00  1.86363183e+00 
 8.95242349e+00  2.04137948e+00 
 8.65325369e+00  2.22919159e+00 
 8.37155029e+00  2.42722608e+00 
 8.10591402e+00  2.63563346e+00 
 7.85507770e+00  2.85455703e+00 
 7.61789334e+00  3.08413307e+00 
 7.39332023e+00  3.32449096e+00 
 7.18041404e+00  3.57575337e+00 
 6.97831699e+00  3.83803636e+00 
 6.78624894e+00  4.11144953e+00 
 6.60349945e+00  4.39609613e+00 
 6.42942069e+00  4.69207321e+00 
 6.26342103e+00  4.99947168e+00 
 6.10495945e+00  5.31837644e+00 
 5.95354044e+00  5.64886649e+00 
 5.80870956e+00  5.99101497e+00 
 5.67004940e+00  6.34488933e+00 
 5.53717604e+00  6.71055135e+00 
 5.40973584e+00  7.08805723e+00 
 5.28740263e+00  7.47745769e+00 
 5.16987516e+00  7.87879802e+00 
 5.05687481e+00  8.29211816e+00 
 4.94814360e+00  8.71745277e+00 
 4.84344230e+00  9.15483127e+00 
 4.74254884e+00  9.60427794e+00 
 4.64525683e+00  1.00658120e+01 
 4.55137422e+00  1.05394475e+01 
 4.46072209e+00  1.10251936e+01 
 4.37313360e+00  1.15230545e+01 
 4.28845299e+00  1.20330297e+01 
 4.20653470e+00  1.25551136e+01 
 4.12724257e+00  1.30892959e+01 
 4.05044911e+00  1.36355618e+01 
 3.97603482e+00  1.41938916e+01 
 3.90388764e+00  1.47642611e+01 
 3.83390232e+00  1.53466416e+01 
 3.76597998e+00  1.59409998e+01 
 3.70002763e+00  1.65472980e+01 
 3.63595774e+00  1.71654942e+01 
 3.57368789e+00  1.77955421e+01 
 3.51314036e+00  1.84373909e+01 
 3.45424185e+00  1.90909859e+01 
 3.39692317e+00  1.97562682e+01 
 3.34111898e+00  2.04331748e+01 
 3.28676749e+00  2.11216386e+01 
 3.23381028e+00  2.18215888e+01 
 3.18219204e+00  2.25329506e+01 
 3.13186041e+00  2.32556455e+01 
 3.08276576e+00  2.39895913e+01 
 3.03486106e+00  2.47347021e+01 
 2.98810165e+00  2.54908886e+01 
 2.94244519e+00  2.62580580e+01 
 2.89785142e+00  2.70361139e+01 
 2.85428212e+00  2.78249571e+01 
 2.81170093e+00  2.86244847e+01 
 2.77007327e+00  2.94345911e+01 
 2.72936623e+00  3.02551675e+01 
 2.68954847e+00  3.10861021e+01 
 2.65059013e+00  3.19272804e+01 
 2.61246275e+00  3.27785852e+01 
 2.57513919e+00  3.36398967e+01 
 2.53859354e+00  3.45110923e+01 
 2.50280108e+00  3.53920474e+01 
 2.46773821e+00  3.62826347e+01 
 2.43338234e+00  3.71827248e+01 
 2.39971193e+00  3.80921862e+01 
 2.36670632e+00  3.90108854e+01 
 2.33434578e+00  3.99386869e+01 
 2.30261140e+00  4.08754535e+01 
 2.27148509e+00  4.18210460e+01 
 2.24094947e+00  4.27753240e+01 
 2.21098792e+00  4.37381452e+01 
 2.18158448e+00  4.47093661e+01 
 2.15272384e+00  4.56888419e+01 
 2.12439128e+00  4.66764264e+01 
 2.09657269e+00  4.76719725e+01 
 2.06925448e+00  4.86753319e+01 
 2.04242360e+00  4.96863556e+01 
 2.01606749e+00  5.07048935e+01 
 1.99017408e+00  5.17307950e+01 
 1.96473171e+00  5.27639087e+01 
 1.93972919e+00  5.38040828e+01 
 1.91515571e+00  5.48511649e+01 
 1.89100084e+00  5.59050023e+01 
 1.86725455e+00  5.69654420e+01 
 1.84390712e+00  5.80323308e+01 
 1.82094920e+00  5.91055154e+01 
 1.79837174e+00  6.01848425e+01 
 1.77616599e+00  6.12701587e+01 
 1.75432350e+00  6.23613109e+01 
 1.73283610e+00  6.34581460e+01 
 1.71169587e+00  6.45605114e+01 
 1.69089516e+00  6.56682545e+01 
 1.67042654e+00  6.67812234e+01 
 1.65028283e+00  6.78992666e+01 
 1.63045705e+00  6.90222331e+01 
 1.61094245e+00  7.01499723e+01 
 1.59173248e+00  7.12823346e+01 
 1.57282078e+00  7.24191709e+01 
 1.55420116e+00  7.35603329e+01 
 1.53586763e+00  7.47056730e+01 
 1.51781436e+00  7.58550446e+01 
 1.50003569e+00  7.70083021e+01 
 1.48252611e+00  7.81653006e+01 
 1.46528027e+00  7.93258963e+01 
 1.44829294e+00  8.04899466e+01 
 1.43155906e+00  8.16573097e+01 
 1.41507370e+00  8.28278452e+01 
 1.39883203e+00  8.40014135e+01 
 1.38282938e+00  8.51778766e+01 
 1.36706117e+00  8.63570975e+01 
 1.35152296e+00  8.75389403e+01 
 1.33621041e+00  8.87232706e+01 
 1.32111929e+00  8.99099553e+01 
 1.30624546e+00  9.10988624e+01 
 1.29158489e+00  9.22898615e+01 
 1.27713366e+00  9.34828234e+01 
 1.26288792e+00  9.46776204e+01 
 1.24884392e+00  9.58741260e+01 
 1.23499799e+00  9.70722153e+01 
 1.22134657e+00  9.82717649e+01 
 1.20788615e+00  9.94726525e+01 
 1.19461332e+00  1.00674758e+02 
 1.18152473e+00  1.01877961e+02 
 1.16861711e+00  1.03082145e+02 
 1.15588727e+00  1.04287194e+02 
 1.14333209e+00  1.05492992e+02 
 1.13094851e+00  1.06699427e+02 
 1.11873353e+00  1.07906386e+02 
 1.10668423e+00  1.09113760e+02 
 1.09479774e+00  1.10321440e+02 
 1.08307126e+00  1.11529318e+02 
 1.07150204e+00  1.12737289e+02 
 1.06008739e+00  1.13945248e+02 
 1.04882467e+00  1.15153093e+02 
 1.03771131e+00  1.16360723e+02 
 1.02674477e+00  1.17568037e+02 
 1.01592259e+00  1.18774938e+02 
 1.00524234e+00  1.19981328e+02 
 9.94701634e-01  1.21187112e+02 
 9.84298149e-01  1.22392197e+02 
 9.74029599e-01  1.23596490e+02 
 9.63893746e-01  1.24799900e+02 
 9.53888395e-01  1.26002337e+02 
 9.44011396e-01  1.27203714e+02 
 9.34260639e-01  1.28403944e+02 
 9.24634055e-01  1.29602941e+02 
 9.15129616e-01  1.30800622e+02 
 9.05745331e-01  1.31996904e+02 
 8.96479251e-01  1.33191707e+02 
 8.87329461e-01  1.34384950e+02 
 8.78294083e-01  1.35576555e+02 
 8.69371275e-01  1.36766446e+02 
 8.60559230e-01  1.37954547e+02 
 8.51856175e-01  1.39140783e+02 
 8.43260371e-01  1.40325081e+02 
 8.34770109e-01  1.41507371e+02 
 8.26383716e-01  1.42687581e+02 
 8.18099545e-01  1.43865642e+02 
 8.09915984e-01  1.45041486e+02 
 8.01831449e-01  1.46215048e+02 
 7.93844386e-01  1.47386261e+02 
 7.85953267e-01  1.48555062e+02 
 7.78156596e-01  1.49721387e+02 
 7.70452902e-01  1.50885175e+02 
 7.62840740e-01  1.52046366e+02 
 7.55318693e-01  1.53204899e+02 
 7.47885371e-01  1.54360717e+02 
 7.40539406e-01  1.55513763e+02 
 7.33279456e-01  1.56663980e+02 
 7.26104204e-01  1.57811314e+02 
 7.19012356e-01  1.58955711e+02 
 7.12002642e-01  1.60097119e+02 
 7.05073814e-01  1.61235486e+02 
 6.98224646e-01  1.62370761e+02 
 6.91453934e-01  1.63502895e+02 
 6.84760497e-01  1.64631839e+02 
 6.78143174e-01  1.65757547e+02 
 6.71600823e-01  1.66879971e+02 
 6.65132325e-01  1.67999066e+02 
 6.58736578e-01  1.69114788e+02 
 6.52412502e-01  1.70227094e+02 
 6.46159035e-01  1.71335940e+02 
 6.39975134e-01  1.72441286e+02 
 6.33859772e-01  1.73543089e+02 
 6.27811943e-01  1.74641312e+02 
 6.21830658e-01  1.75735915e+02 
 6.15914943e-01  1.76826859e+02 
 6.10063844e-01  1.77914109e+02 
 6.04276421e-01  1.78997627e+02 
 5.98551753e-01  1.80077378e+02 
 5.92888932e-01  1.81153328e+02 
 5.87287068e-01  1.82225443e+02 
 5.81745285e-01  1.83293690e+02 
 5.76262722e-01  1.84358037e+02 
 5.70838535e-01  1.85418453e+02 
 5.65471891e-01  1.86474907e+02 
 5.60161974e-01  1.87527369e+02 
 5.54907981e-01  1.88575811e+02 
 5.49709123e-01  1.89620205e+02 
 5.44564623e-01  1.90660521e+02 
 5.39473719e-01  1.91696735e+02 
 5.34435662e-01  1.92728820e+02 
 5.29449714e-01  1.93756750e+02 
 5.24515151e-01  1.94780501e+02 
 5.19631260e-01  1.95800049e+02 
 5.14797341e-01  1.96815370e+02 
 5.10012706e-01  1.97826442e+02 
 5.05276678e-01  1.98833243e+02 
 5.00588590e-01  1.99835751e+02 
 4.95947788e-01  2.00833946e+02 
 4.91353629e-01  2.01827807e+02 
 4.86805480e-01  2.02817316e+02 
 4.82302719e-01  2.03802453e+02 
 4.77844732e-01  2.04783199e+02 
 4.73430919e-01  2.05759538e+02 
 4.69060688e-01  2.06731452e+02 
 4.64733456e-01  2.07698925e+02 
 4.60448650e-01  2.08661940e+02 
 4.56205707e-01  2.09620482e+02 
 gmid1.5         idw1.5         
 2.50370802e+01  7.60783911e-09 
 2.54220921e+01  9.79171573e-09 
 2.57401482e+01  1.26467222e-08 
 2.60039860e+01  1.63816065e-08 
 2.62243200e+01  2.12707519e-08 
 2.64099818e+01  2.76750190e-08 
 2.65681424e+01  3.60692644e-08 
 2.67045550e+01  4.70786987e-08 
 2.68237958e+01  6.15269366e-08 
 2.69294796e+01  8.04995389e-08 
 2.70244462e+01  1.05428079e-07 
 2.71109178e+01  1.38201410e-07 
 2.71906281e+01  1.81313009e-07 
 2.72649264e+01  2.38056174e-07 
 2.73348614e+01  3.12782755e-07 
 2.74012469e+01  4.11246211e-07 
 2.74647144e+01  5.41056714e-07 
 2.75257534e+01  7.12285130e-07 
 2.75847439e+01  9.38264934e-07 
 2.76419804e+01  1.23665735e-06 
 2.76976914e+01  1.63086672e-06 
 2.77520537e+01  2.15192199e-06 
 2.78052040e+01  2.84097880e-06 
 2.78572467e+01  3.75264822e-06 
 2.79082606e+01  4.95942670e-06 
 2.79583029e+01  6.55759394e-06 
 2.80074119e+01  8.67506742e-06 
 2.80556090e+01  1.14818664e-05 
 2.81028982e+01  1.52040563e-05 
 2.81492653e+01  2.01423356e-05 
 2.81946752e+01  2.66968177e-05 
 2.82390677e+01  3.54000760e-05 
 2.82823510e+01  4.69612143e-05 
 2.83243930e+01  6.23246401e-05 
 2.83650089e+01  8.27484388e-05 
 2.84039444e+01  1.09908856e-04 
 2.84408539e+01  1.46039524e-04 
 2.84752702e+01  1.94116837e-04 
 2.85065647e+01  2.58106507e-04 
 2.85338957e+01  3.43290951e-04 
 2.85561387e+01  4.56703010e-04 
 2.85717974e+01  6.07698713e-04 
 2.85788874e+01  8.08710309e-04 
 2.85747907e+01  1.07623032e-03 
 2.85560743e+01  1.43208680e-03 
 2.85182762e+01  1.90507716e-03 
 2.84556656e+01  2.53302861e-03 
 2.83610058e+01  3.36534062e-03 
 2.82253732e+01  4.46602790e-03 
 2.80381307e+01  5.91720838e-03 
 2.77871977e+01  7.82285674e-03 
 2.74597911e+01  1.03124692e-02 
 2.70437713e+01  1.35440856e-02 
 2.65295715e+01  1.77059614e-02 
 2.59124028e+01  2.30161792e-02 
 2.51941273e+01  2.97197428e-02 
 2.43840911e+01  3.80832026e-02 
 2.34984677e+01  4.83874696e-02 
 2.25582184e+01  6.09199287e-02 
 2.15862930e+01  7.59670553e-02 
 2.06048873e+01  9.38084505e-02 
 1.96333861e+01  1.14712726e-01 
 1.86872398e+01  1.38935203e-01 
 1.77776932e+01  1.66717073e-01 
 1.69121080e+01  1.98285601e-01 
 1.60945992e+01  2.33854914e-01 
 1.53267657e+01  2.73627089e-01 
 1.46083799e+01  3.17793300e-01 
 1.39379699e+01  3.66534918e-01 
 1.33132769e+01  4.20024486e-01 
 1.27315959e+01  4.78426563e-01 
 1.21900170e+01  5.41898440e-01 
 1.16855904e+01  6.10590730e-01 
 1.12154337e+01  6.84647858e-01 
 1.07767972e+01  7.64208472e-01 
 1.03671012e+01  8.49405779e-01 
 9.98395305e+00  9.40367839e-01 
 9.62515090e+00  1.03721780e+00 
 9.28868032e+00  1.14007412e+00 
 8.97270508e+00  1.24905072e+00 
 8.67555572e+00  1.36425721e+00 
 8.39571664e+00  1.48579895e+00 
 8.13181307e+00  1.61377725e+00 
 7.88259822e+00  1.74828945e+00 
 7.64694116e+00  1.88942905e+00 
 7.42381552e+00  2.03728581e+00 
 7.21228905e+00  2.19194584e+00 
 7.01151421e+00  2.35349168e+00 
 6.82071958e+00  2.52200243e+00 
 6.63920219e+00  2.69755379e+00 
 6.46632062e+00  2.88021812e+00 
 6.30148879e+00  3.07006458e+00 
 6.14417048e+00  3.26715914e+00 
 5.99387440e+00  3.47156468e+00 
 5.85014976e+00  3.68334104e+00 
 5.71258237e+00  3.90254508e+00 
 5.58079114e+00  4.12923074e+00 
 5.45442494e+00  4.36344912e+00 
 5.33315979e+00  4.60524849e+00 
 5.21669638e+00  4.85467436e+00 
 5.10475779e+00  5.11176955e+00 
 4.99708753e+00  5.37657422e+00 
 4.89344768e+00  5.64912587e+00 
 4.79361730e+00  5.92945948e+00 
 4.69739094e+00  6.21760745e+00 
 4.60457737e+00  6.51359969e+00 
 4.51499832e+00  6.81746366e+00 
 4.42848750e+00  7.12922437e+00 
 4.34488953e+00  7.44890442e+00 
 4.26405915e+00  7.77652406e+00 
 4.18586033e+00  8.11210117e+00 
 4.11016564e+00  8.45565131e+00 
 4.03685553e+00  8.80718776e+00 
 3.96581775e+00  9.16672149e+00 
 3.89694681e+00  9.53426123e+00 
 3.83014345e+00  9.90981345e+00 
 3.76531424e+00  1.02933824e+01 
 3.70237111e+00  1.06849702e+01 
 3.64123101e+00  1.10845765e+01 
 3.58181553e+00  1.14921991e+01 
 3.52405060e+00  1.19078334e+01 
 3.46786619e+00  1.23314726e+01 
 3.41319603e+00  1.27631080e+01 
 3.35997738e+00  1.32027284e+01 
 3.30815078e+00  1.36503206e+01 
 3.25765988e+00  1.41058693e+01 
 3.20845116e+00  1.45693569e+01 
 3.16047387e+00  1.50407637e+01 
 3.11367974e+00  1.55200680e+01 
 3.06802292e+00  1.60072458e+01 
 3.02345979e+00  1.65022709e+01 
 2.97994885e+00  1.70051151e+01 
 2.93745056e+00  1.75157479e+01 
 2.89592729e+00  1.80341367e+01 
 2.85534315e+00  1.85602469e+01 
 2.81566393e+00  1.90940416e+01 
 2.77685699e+00  1.96354816e+01 
 2.73889118e+00  2.01845260e+01 
 2.70173678e+00  2.07411312e+01 
 2.66536538e+00  2.13052520e+01 
 2.62974985e+00  2.18768406e+01 
 2.59486427e+00  2.24558474e+01 
 2.56068384e+00  2.30422205e+01 
 2.52718487e+00  2.36359059e+01 
 2.49434467e+00  2.42368476e+01 
 2.46214157e+00  2.48449872e+01 
 2.43055478e+00  2.54602646e+01 
 2.39956445e+00  2.60826174e+01 
 2.36915154e+00  2.67119812e+01 
 2.33929783e+00  2.73482896e+01 
 2.30998587e+00  2.79914740e+01 
 2.28119893e+00  2.86414639e+01 
 2.25292101e+00  2.92981870e+01 
 2.22513674e+00  2.99615688e+01 
 2.19783142e+00  3.06315330e+01 
 2.17099094e+00  3.13080014e+01 
 2.14460178e+00  3.19908938e+01 
 2.11865099e+00  3.26801283e+01 
 2.09312612e+00  3.33756213e+01 
 2.06801526e+00  3.40772872e+01 
 2.04330698e+00  3.47850389e+01 
 2.01899031e+00  3.54987876e+01 
 1.99505472e+00  3.62184427e+01 
 1.97149013e+00  3.69439121e+01 
 1.94828684e+00  3.76751024e+01 
 1.92543557e+00  3.84119183e+01 
 1.90292738e+00  3.91542635e+01 
 1.88075372e+00  3.99020399e+01 
 1.85890635e+00  4.06551484e+01 
 1.83737738e+00  4.14134885e+01 
 1.81615923e+00  4.21769584e+01 
 1.79524461e+00  4.29454554e+01 
 1.77462651e+00  4.37188755e+01 
 1.75429822e+00  4.44971138e+01 
 1.73425327e+00  4.52800642e+01 
 1.71448543e+00  4.60676200e+01 
 1.69498873e+00  4.68596735e+01 
 1.67575742e+00  4.76561161e+01 
 1.65678596e+00  4.84568388e+01 
 1.63806903e+00  4.92617316e+01 
 1.61960148e+00  5.00706842e+01 
 1.60137839e+00  5.08835856e+01 
 1.58339499e+00  5.17003245e+01 
 1.56564669e+00  5.25207890e+01 
 1.54812906e+00  5.33448671e+01 
 1.53083782e+00  5.41724463e+01 
 1.51376887e+00  5.50034141e+01 
 1.49691820e+00  5.58376578e+01 
 1.48028198e+00  5.66750646e+01 
 1.46385647e+00  5.75155218e+01 
 1.44763810e+00  5.83589164e+01 
 1.43162336e+00  5.92051360e+01 
 1.41580889e+00  6.00540681e+01 
 1.40019142e+00  6.09056003e+01 
 1.38476778e+00  6.17596208e+01 
 1.36953489e+00  6.26160178e+01 
 1.35448977e+00  6.34746802e+01 
 1.33962953e+00  6.43354971e+01 
 1.32495133e+00  6.51983582e+01 
 1.31045246e+00  6.60631536e+01 
 1.29613022e+00  6.69297743e+01 
 1.28198203e+00  6.77981116e+01 
 1.26800536e+00  6.86680577e+01 
 1.25419774e+00  6.95395053e+01 
 1.24055675e+00  7.04123481e+01 
 1.22708005e+00  7.12864805e+01 
 1.21376535e+00  7.21617977e+01 
 1.20061038e+00  7.30381958e+01 
 1.18761296e+00  7.39155719e+01 
 1.17477094e+00  7.47938238e+01 
 1.16208221e+00  7.56728506e+01 
 1.14954470e+00  7.65525521e+01 
 1.13715640e+00  7.74328293e+01 
 1.12491532e+00  7.83135843e+01 
 1.11281951e+00  7.91947202e+01 
 1.10086705e+00  8.00761412e+01 
 1.08905609e+00  8.09577526e+01 
 1.07738475e+00  8.18394609e+01 
 1.06585124e+00  8.27211737e+01 
 1.05445376e+00  8.36028000e+01 
 1.04319055e+00  8.44842497e+01 
 1.03205990e+00  8.53654340e+01 
 1.02106009e+00  8.62462655e+01 
 1.01018944e+00  8.71266579e+01 
 9.99446308e-01  8.80065260e+01 
 9.88829059e-01  8.88857861e+01 
 9.78336086e-01  8.97643556e+01 
 9.67965805e-01  9.06421534e+01 
 9.57716652e-01  9.15190993e+01 
 9.47587086e-01  9.23951147e+01 
 9.37575585e-01  9.32701220e+01 
 9.27680646e-01  9.41440453e+01 
 9.17900787e-01  9.50168095e+01 
 9.08234543e-01  9.58883410e+01 
 8.98680468e-01  9.67585676e+01 
 8.89237135e-01  9.76274183e+01 
 8.79903133e-01  9.84948231e+01 
 8.70677070e-01  9.93607137e+01 
 8.61557568e-01  1.00225023e+02 
 8.52543269e-01  1.01087684e+02 
 8.43632828e-01  1.01948634e+02 
 8.34824918e-01  1.02807808e+02 
 8.26118228e-01  1.03665144e+02 
 8.17511462e-01  1.04520581e+02 
 8.09003339e-01  1.05374060e+02 
 8.00592592e-01  1.06225521e+02 
 7.92277973e-01  1.07074908e+02 
 7.84058244e-01  1.07922164e+02 
 7.75932184e-01  1.08767235e+02 
 7.67898586e-01  1.09610067e+02 
 7.59956259e-01  1.10450606e+02 
 7.52104022e-01  1.11288802e+02 
 7.44340713e-01  1.12124605e+02 
 7.36665179e-01  1.12957964e+02 
 7.29076285e-01  1.13788833e+02 
 7.21572907e-01  1.14617163e+02 
 7.14153935e-01  1.15442910e+02 
 7.06818273e-01  1.16266029e+02 
 6.99564837e-01  1.17086475e+02 
 6.92392559e-01  1.17904206e+02 
 6.85300381e-01  1.18719181e+02 
 6.78287258e-01  1.19531359e+02 
 6.71352161e-01  1.20340700e+02 
 6.64494071e-01  1.21147166e+02 
 6.57711982e-01  1.21950719e+02 
 6.51004902e-01  1.22751323e+02 
 6.44371849e-01  1.23548942e+02 
 6.37811855e-01  1.24343541e+02 
 6.31323964e-01  1.25135086e+02 
 6.24907233e-01  1.25923546e+02 
 6.18560730e-01  1.26708887e+02 
 6.12283535e-01  1.27491078e+02 
 6.06074740e-01  1.28270091e+02 
 5.99933448e-01  1.29045894e+02 
 5.93858776e-01  1.29818460e+02 
 5.87849850e-01  1.30587762e+02 
 5.81905808e-01  1.31353771e+02 
 5.76025802e-01  1.32116463e+02 
 5.70208991e-01  1.32875813e+02 
 5.64454548e-01  1.33631795e+02 
 5.58761656e-01  1.34384387e+02 
 5.53129510e-01  1.35133564e+02 
 5.47557314e-01  1.35879307e+02 
 5.42044285e-01  1.36621592e+02 
 5.36589649e-01  1.37360399e+02 
 5.31192642e-01  1.38095708e+02 
 5.25852513e-01  1.38827501e+02 
 5.20568519e-01  1.39555758e+02 
 5.15339928e-01  1.40280462e+02 
 5.10166017e-01  1.41001595e+02 
 5.05046076e-01  1.41719141e+02 
 4.99979401e-01  1.42433084e+02 
 4.94965300e-01  1.43143408e+02 
 4.90003091e-01  1.43850099e+02 
 4.85092101e-01  1.44553143e+02 
 4.80231666e-01  1.45252527e+02 
 4.75421131e-01  1.45948236e+02 
 4.70659851e-01  1.46640260e+02 
 4.65947190e-01  1.47328586e+02 
 4.61282522e-01  1.48013203e+02 
 4.56665229e-01  1.48694101e+02 
 gmid2           idw2           
 2.50846257e+01  7.99566104e-09 
 2.54518836e+01  1.02948170e-08 
 2.57551512e+01  1.32994627e-08 
 2.60067207e+01  1.72286121e-08 
 2.62168821e+01  2.23699877e-08 
 2.63940878e+01  2.91017836e-08 
 2.65451816e+01  3.79213810e-08 
 2.66756445e+01  4.94832609e-08 
 2.67898288e+01  6.46490770e-08 
 2.68911686e+01  8.45538233e-08 
 2.69823593e+01  1.10693313e-07 
 2.70655088e+01  1.45039878e-07 
 2.71422608e+01  1.90195468e-07 
 2.72138937e+01  2.49594328e-07 
 2.72814006e+01  3.27771418e-07 
 2.73455517e+01  4.30718074e-07 
 2.74069443e+01  5.66353434e-07 
 2.74660410e+01  7.45149598e-07 
 2.75231999e+01  9.80960991e-07 
 2.75786982e+01  1.29212505e-06 
 2.76327498e+01  1.70292364e-06 
 2.76855191e+01  2.24552404e-06 
 2.77371315e+01  2.96255802e-06 
 2.77876809e+01  3.91054991e-06 
 2.78372354e+01  5.16447471e-06 
 2.78858406e+01  6.82382082e-06 
 2.79335219e+01  9.02065664e-06 
 2.79802847e+01  1.19303662e-05 
 2.80261139e+01  1.57859407e-05 
 2.80709708e+01  2.08970076e-05 
 2.81147886e+01  2.76751714e-05 
 2.81574661e+01  3.66677619e-05 
 2.81988577e+01  4.86027791e-05 
 2.82387606e+01  6.44487379e-05 
 2.82768965e+01  8.54943289e-05 
 2.83128879e+01  1.13454394e-04 
 2.83462262e+01  1.50610793e-04 
 2.83762292e+01  1.99999402e-04 
 2.84019854e+01  2.65657913e-04 
 2.84222815e+01  3.52953361e-04 
 2.84355081e+01  4.69013504e-04 
 2.84395398e+01  6.23292251e-04 
 2.84315854e+01  8.28305872e-04 
 2.84080059e+01  1.10058293e-03 
 2.83641041e+01  1.46187482e-03 
 2.82938982e+01  1.94067246e-03 
 2.81899141e+01  2.57406224e-03 
 2.80430552e+01  3.40992428e-03 
 2.78426529e+01  4.50941781e-03 
 2.75768379e+01  5.94960690e-03 
 2.72333853e+01  7.82595608e-03 
 2.68011267e+01  1.02542936e-02 
 2.62718509e+01  1.33717530e-02 
 2.56423426e+01  1.73362325e-02 
 2.49159623e+01  2.23241184e-02 
 2.41031438e+01  2.85263748e-02 
 2.32204909e+01  3.61435052e-02 
 2.22886760e+01  4.53801545e-02 
 2.13297720e+01  5.64401410e-02 
 2.03647582e+01  6.95224895e-02 
 1.94117252e+01  8.48187103e-02 
 1.84849509e+01  1.02511273e-01 
 1.75947395e+01  1.22773041e-01 
 1.67477752e+01  1.45767379e-01 
 1.59477381e+01  1.71648648e-01 
 1.51959895e+01  2.00562910e-01 
 1.44922099e+01  2.32648669e-01 
 1.38349350e+01  2.68037596e-01 
 1.32219763e+01  3.06855183e-01 
 1.26507337e+01  3.49221313e-01 
 1.21184181e+01  3.95250743e-01 
 1.16222041e+01  4.45053521e-01 
 1.11593294e+01  4.98735329e-01 
 1.07271564e+01  5.56397772e-01 
 1.03232071e+01  6.18138622e-01 
 9.94517912e+00  6.84052030e-01 
 9.59095087e+00  7.54228698e-01 
 9.25857775e+00  8.28756041e-01 
 8.94628437e+00  9.07718315e-01 
 8.65245397e+00  9.91196743e-01 
 8.37561657e+00  1.07926962e+00 
 8.11443677e+00  1.17201241e+00 
 7.86770182e+00  1.26949782e+00 
 7.63431021e+00  1.37179593e+00 
 7.41326098e+00  1.47897420e+00 
 7.20364394e+00  1.59109761e+00 
 7.00463066e+00  1.70822865e+00 
 6.81546638e+00  1.83042747e+00 
 6.63546262e+00  1.95775188e+00 
 6.46399061e+00  2.09025740e+00 
 6.30047540e+00  2.22799737e+00 
 6.14439051e+00  2.37102296e+00 
 5.99525324e+00  2.51938320e+00 
 5.85262039e+00  2.67312508e+00 
 5.71608451e+00  2.83229358e+00 
 5.58527049e+00  2.99693168e+00 
 5.45983252e+00  3.16708043e+00 
 5.33945140e+00  3.34277899e+00 
 5.22383209e+00  3.52406468e+00 
 5.11270154e+00  3.71097296e+00 
 5.00580672e+00  3.90353756e+00 
 4.90291286e+00  4.10179042e+00 
 4.80380187e+00  4.30576178e+00 
 4.70827091e+00  4.51548019e+00 
 4.61613111e+00  4.73097255e+00 
 4.52720638e+00  4.95226414e+00 
 4.44133240e+00  5.17937861e+00 
 4.35835563e+00  5.41233808e+00 
 4.27813246e+00  5.65116309e+00 
 4.20052845e+00  5.89587266e+00 
 4.12541757e+00  6.14648430e+00 
 4.05268159e+00  6.40301404e+00 
 3.98220947e+00  6.66547645e+00 
 3.91389684e+00  6.93388464e+00 
 3.84764549e+00  7.20825029e+00 
 3.78336293e+00  7.48858366e+00 
 3.72096197e+00  7.77489360e+00 
 3.66036035e+00  8.06718758e+00 
 3.60148042e+00  8.36547167e+00 
 3.54424876e+00  8.66975057e+00 
 3.48859594e+00  8.98002761e+00 
 3.43445626e+00  9.29630475e+00 
 3.38176744e+00  9.61858262e+00 
 3.33047046e+00  9.94686047e+00 
 3.28050933e+00  1.02811362e+01 
 3.23183086e+00  1.06214064e+01 
 3.18438453e+00  1.09676662e+01 
 3.13812230e+00  1.13199094e+01 
 3.09299847e+00  1.16781286e+01 
 3.04896952e+00  1.20423149e+01 
 3.00599398e+00  1.24124580e+01 
 2.96403234e+00  1.27885463e+01 
 2.92304690e+00  1.31705667e+01 
 2.88300168e+00  1.35585049e+01 
 2.84386231e+00  1.39523451e+01 
 2.80559596e+00  1.43520699e+01 
 2.76817124e+00  1.47576608e+01 
 2.73155814e+00  1.51690976e+01 
 2.69572794e+00  1.55863588e+01 
 2.66065312e+00  1.60094213e+01 
 2.62630735e+00  1.64382607e+01 
 2.59266540e+00  1.68728509e+01 
 2.55970307e+00  1.73131644e+01 
 2.52739718e+00  1.77591722e+01 
 2.49572548e+00  1.82108436e+01 
 2.46466663e+00  1.86681465e+01 
 2.43420015e+00  1.91310473e+01 
 2.40430637e+00  1.95995105e+01 
 2.37496642e+00  2.00734992e+01 
 2.34616217e+00  2.05529751e+01 
 2.31787622e+00  2.10378978e+01 
 2.29009184e+00  2.15282257e+01 
 2.26279297e+00  2.20239154e+01 
 2.23596417e+00  2.25249217e+01 
 2.20959063e+00  2.30311979e+01 
 2.18365808e+00  2.35426956e+01 
 2.15815286e+00  2.40593649e+01 
 2.13306180e+00  2.45811539e+01 
 2.10837229e+00  2.51080092e+01 
 2.08407218e+00  2.56398758e+01 
 2.06014984e+00  2.61766971e+01 
 2.03659406e+00  2.67184145e+01 
 2.01339412e+00  2.72649681e+01 
 1.99053970e+00  2.78162962e+01 
 1.96802090e+00  2.83723355e+01 
 1.94582823e+00  2.89330213e+01 
 1.92395258e+00  2.94982869e+01 
 1.90238522e+00  3.00680644e+01 
 1.88111778e+00  3.06422843e+01 
 1.86014222e+00  3.12208754e+01 
 1.83945086e+00  3.18037652e+01 
 1.81903633e+00  3.23908798e+01 
 1.79889158e+00  3.29821436e+01 
 1.77900984e+00  3.35774800e+01 
 1.75938467e+00  3.41768107e+01 
 1.74000987e+00  3.47800564e+01 
 1.72087952e+00  3.53871364e+01 
 1.70198797e+00  3.59979689e+01 
 1.68332982e+00  3.66124708e+01 
 1.66489988e+00  3.72305579e+01 
 1.64669323e+00  3.78521452e+01 
 1.62870514e+00  3.84771465e+01 
 1.61093110e+00  3.91054746e+01 
 1.59336682e+00  3.97370415e+01 
 1.57600817e+00  4.03717585e+01 
 1.55885123e+00  4.10095360e+01 
 1.54189224e+00  4.16502836e+01 
 1.52512763e+00  4.22939105e+01 
 1.50855397e+00  4.29403253e+01 
 1.49216800e+00  4.35894358e+01 
 1.47596658e+00  4.42411496e+01 
 1.45994674e+00  4.48953739e+01 
 1.44410561e+00  4.55520156e+01 
 1.42844047e+00  4.62109812e+01 
 1.41294870e+00  4.68721771e+01 
 1.39762779e+00  4.75355096e+01 
 1.38247535e+00  4.82008848e+01 
 1.36748907e+00  4.88682090e+01 
 1.35266675e+00  4.95373884e+01 
 1.33800626e+00  5.02083294e+01 
 1.32350555e+00  5.08809385e+01 
 1.30916266e+00  5.15551224e+01 
 1.29497570e+00  5.22307884e+01 
 1.28094284e+00  5.29078437e+01 
 1.26706231e+00  5.35861962e+01 
 1.25333239e+00  5.42657542e+01 
 1.23975144e+00  5.49464264e+01 
 1.22631783e+00  5.56281223e+01 
 1.21303002e+00  5.63107517e+01 
 1.19988648e+00  5.69942252e+01 
 1.18688572e+00  5.76784542e+01 
 1.17402630e+00  5.83633507e+01 
 1.16130681e+00  5.90488275e+01 
 1.14872585e+00  5.97347982e+01 
 1.13628207e+00  6.04211772e+01 
 1.12397414e+00  6.11078801e+01 
 1.11180075e+00  6.17948230e+01 
 1.09976060e+00  6.24819233e+01 
 1.08785242e+00  6.31690991e+01 
 1.07607496e+00  6.38562697e+01 
 1.06442697e+00  6.45433554e+01 
 1.05290723e+00  6.52302774e+01 
 1.04151452e+00  6.59169583e+01 
 1.03024764e+00  6.66033215e+01 
 1.01910539e+00  6.72892917e+01 
 1.00808659e+00  6.79747945e+01 
 9.97190056e-01  6.86597571e+01 
 9.86414615e-01  6.93441073e+01 
 9.75759104e-01  7.00277745e+01 
 9.65222363e-01  7.07106891e+01 
 9.54803236e-01  7.13927827e+01 
 9.44500574e-01  7.20739881e+01 
 9.34313230e-01  7.27542393e+01 
 9.24240062e-01  7.34334717e+01 
 9.14279931e-01  7.41116215e+01 
 9.04431702e-01  7.47886264e+01 
 8.94694243e-01  7.54644254e+01 
 8.85066424e-01  7.61389584e+01 
 8.75547120e-01  7.68121667e+01 
 8.66135207e-01  7.74839928e+01 
 8.56829566e-01  7.81543804e+01 
 8.47629080e-01  7.88232743e+01 
 8.38532635e-01  7.94906206e+01 
 8.29539120e-01  8.01563665e+01 
 8.20647429e-01  8.08204605e+01 
 8.11856459e-01  8.14828520e+01 
 8.03165108e-01  8.21434918e+01 
 7.94572281e-01  8.28023319e+01 
 7.86076887e-01  8.34593251e+01 
 7.77677837e-01  8.41144257e+01 
 7.69374049e-01  8.47675889e+01 
 7.61164444e-01  8.54187710e+01 
 7.53047947e-01  8.60679295e+01 
 7.45023492e-01  8.67150229e+01 
 7.37090013e-01  8.73600108e+01 
 7.29246455e-01  8.80028538e+01 
 7.21491765e-01  8.86435136e+01 
 7.13824897e-01  8.92819528e+01 
 7.06244812e-01  8.99181352e+01 
 6.98750476e-01  9.05520255e+01 
 6.91340864e-01  9.11835894e+01 
 6.84014955e-01  9.18127934e+01 
 6.76771737e-01  9.24396052e+01 
 6.69610205e-01  9.30639933e+01 
 6.62529361e-01  9.36859272e+01 
 6.55528215e-01  9.43053771e+01 
 6.48605784e-01  9.49223144e+01 
 6.41761095e-01  9.55367112e+01 
 6.34993179e-01  9.61485405e+01 
 6.28301081e-01  9.67577760e+01 
 6.21683849e-01  9.73643925e+01 
 6.15140543e-01  9.79683654e+01 
 6.08670230e-01  9.85696710e+01 
 6.02271987e-01  9.91682863e+01 
 5.95944898e-01  9.97641893e+01 
 5.89688058e-01  1.00357359e+02 
 5.83500570e-01  1.00947773e+02 
 5.77381545e-01  1.01535414e+02 
 5.71330106e-01  1.02120260e+02 
 5.65345384e-01  1.02702295e+02 
 5.59426517e-01  1.03281500e+02 
 5.53572655e-01  1.03857858e+02 
 5.47782958e-01  1.04431352e+02 
 5.42056594e-01  1.05001967e+02 
 5.36392739e-01  1.05569687e+02 
 5.30790581e-01  1.06134498e+02 
 5.25249317e-01  1.06696387e+02 
 5.19768153e-01  1.07255338e+02 
 5.14346304e-01  1.07811341e+02 
 5.08982996e-01  1.08364381e+02 
 5.03677462e-01  1.08914449e+02 
 4.98428948e-01  1.09461533e+02 
 4.93236705e-01  1.10005622e+02 
 4.88099998e-01  1.10546706e+02 
 4.83018098e-01  1.11084776e+02 
 4.77990286e-01  1.11619822e+02 
 4.73015854e-01  1.12151837e+02 
 4.68094102e-01  1.12680811e+02 
 4.63224338e-01  1.13206739e+02 
 4.58405882e-01  1.13729611e+02 
 4.53638060e-01  1.14249423e+02 
 gmid5           idw5           
 2.46741622e+01  6.21075890e-09 
 2.51163510e+01  7.96699986e-09 
 2.54796303e+01  1.02609691e-08 
 2.57785266e+01  1.32591280e-08 
 2.60254936e+01  1.71799835e-08 
 2.62309403e+01  2.23105106e-08 
 2.64034040e+01  2.90278002e-08 
 2.65497876e+01  3.78276077e-08 
 2.66756111e+01  4.93620221e-08 
 2.67852520e+01  6.44891880e-08 
 2.68821590e+01  8.43389688e-08 
 2.69690356e+01  1.10399697e-07 
 2.70479922e+01  1.44632839e-07 
 2.71206717e+01  1.89624605e-07 
 2.71883496e+01  2.48786519e-07 
 2.72520140e+01  3.26620841e-07 
 2.73124292e+01  4.29071961e-07 
 2.73701849e+01  5.63991807e-07 
 2.74257354e+01  7.41756487e-07 
 2.74794286e+01  9.76083612e-07 
 2.75315300e+01  1.28511602e-06 
 2.75822391e+01  1.69285920e-06 
 2.76317031e+01  2.23108862e-06 
 2.76800256e+01  2.94188107e-06 
 2.77272729e+01  3.88097560e-06 
 2.77734778e+01  5.12223662e-06 
 2.78186403e+01  6.76358214e-06 
 2.78627262e+01  8.93485934e-06 
 2.79056630e+01  1.18083080e-05 
 2.79473329e+01  1.56124621e-05 
 2.79875620e+01  2.06506174e-05 
 2.80261050e+01  2.73253565e-05 
 2.80626247e+01  3.61711046e-05 
 2.80966637e+01  4.78973089e-05 
 2.81276076e+01  6.34456456e-05 
 2.81546354e+01  8.40656843e-05 
 2.81766564e+01  1.11414738e-04 
 2.81922278e+01  1.47689209e-04 
 2.81994512e+01  1.95796610e-04 
 2.81958434e+01  2.59579531e-04 
 2.81781816e+01  3.44104895e-04 
 2.81423260e+01  4.56033486e-04 
 2.80830292e+01  6.04085089e-04 
 2.79937604e+01  7.99612372e-04 
 2.78665880e+01  1.05728976e-03 
 2.76921951e+01  1.39590966e-03 
 2.74601303e+01  1.83925488e-03 
 2.71594066e+01  2.41698279e-03 
 2.67795362e+01  3.16541646e-03 
 2.63119861e+01  4.12810321e-03 
 2.57518646e+01  5.35598806e-03 
 2.50994459e+01  6.90708006e-03 
 2.43610370e+01  8.84557041e-03 
 2.35488026e+01  1.12404752e-02 
 2.26794924e+01  1.41639829e-02 
 2.17724056e+01  1.76897436e-02 
 2.08471572e+01  2.18913173e-02 
 1.99217801e+01  2.68409324e-02 
 1.90114749e+01  3.26086084e-02 
 1.81280553e+01  3.92616238e-02 
 1.72799558e+01  4.68642671e-02 
 1.64725974e+01  5.54777891e-02 
 1.57089224e+01  6.51604873e-02 
 1.49899621e+01  7.59678630e-02 
 1.43153554e+01  8.79528129e-02 
 1.36837837e+01  1.01165827e-01 
 1.30933127e+01  1.15655179e-01 
 1.25416495e+01  1.31467103e-01 
 1.20263279e+01  1.48645950e-01 
 1.15448377e+01  1.67234326e-01 
 1.10947109e+01  1.87273214e-01 
 1.06735769e+01  2.08802081e-01 
 1.02791946e+01  2.31858966e-01 
 9.90946991e+00  2.56480564e-01 
 9.56246134e+00  2.82702295e-01 
 9.23637975e+00  3.10558366e-01 
 8.92958296e+00  3.40081824e-01 
 8.64056805e+00  3.71304609e-01 
 8.36796206e+00  4.04257597e-01 
 8.11051227e+00  4.38970637e-01 
 7.86707624e+00  4.75472591e-01 
 7.63661235e+00  5.13791365e-01 
 7.41817063e+00  5.53953943e-01 
 7.21088436e+00  5.95986412e-01 
 7.01396222e+00  6.39913989e-01 
 6.82668112e+00  6.85761049e-01 
 6.64837974e+00  7.33551146e-01 
 6.47845258e+00  7.83307035e-01 
 6.31634467e+00  8.35050694e-01 
 6.16154676e+00  8.88803344e-01 
 6.01359096e+00  9.44585468e-01 
 5.87204695e+00  1.00241683e+00 
 5.73651838e+00  1.06231648e+00 
 5.60663981e+00  1.12430280e+00 
 5.48207386e+00  1.18839349e+00 
 5.36250868e+00  1.25460559e+00 
 5.24765569e+00  1.32295552e+00 
 5.13724749e+00  1.39345905e+00 
 5.03103603e+00  1.46613135e+00 
 4.92879096e+00  1.54098700e+00 
 4.83029812e+00  1.61803997e+00 
 4.73535814e+00  1.69730368e+00 
 4.64378526e+00  1.77879098e+00 
 4.55540621e+00  1.86251416e+00 
 4.47005917e+00  1.94848498e+00 
 4.38759290e+00  2.03671468e+00 
 4.30786587e+00  2.12721396e+00 
 4.23074551e+00  2.21999305e+00 
 4.15610755e+00  2.31506163e+00 
 4.08383535e+00  2.41242894e+00 
 4.01381937e+00  2.51210372e+00 
 3.94595662e+00  2.61409423e+00 
 3.88015017e+00  2.71840829e+00 
 3.81630876e+00  2.82505326e+00 
 3.75434634e+00  2.93403603e+00 
 3.69418175e+00  3.04536309e+00 
 3.63573834e+00  3.15904047e+00 
 3.57894370e+00  3.27507378e+00 
 3.52372935e+00  3.39346823e+00 
 3.47003045e+00  3.51422858e+00 
 3.41778563e+00  3.63735922e+00 
 3.36693669e+00  3.76286412e+00 
 3.31742843e+00  3.89074685e+00 
 3.26920844e+00  4.02101060e+00 
 3.22222696e+00  4.15365815e+00 
 3.17643665e+00  4.28869192e+00 
 3.13179250e+00  4.42611393e+00 
 3.08825165e+00  4.56592582e+00 
 3.04577327e+00  4.70812885e+00 
 3.00431843e+00  4.85272391e+00 
 2.96385001e+00  4.99971151e+00 
 2.92433254e+00  5.14909179e+00 
 2.88573216e+00  5.30086450e+00 
 2.84801649e+00  5.45502902e+00 
 2.81115457e+00  5.61158436e+00 
 2.77511674e+00  5.77052912e+00 
 2.73987460e+00  5.93186154e+00 
 2.70540091e+00  6.09557947e+00 
 2.67166955e+00  6.26168035e+00 
 2.63865546e+00  6.43016124e+00 
 2.60633452e+00  6.60101876e+00 
 2.57468360e+00  6.77424917e+00 
 2.54368039e+00  6.94984826e+00 
 2.51330347e+00  7.12781141e+00 
 2.48353215e+00  7.30813356e+00 
 2.45434653e+00  7.49080919e+00 
 2.42572737e+00  7.67583232e+00 
 2.39765613e+00  7.86319649e+00 
 2.37011488e+00  8.05289474e+00 
 2.34308629e+00  8.24491963e+00 
 2.31655360e+00  8.43926315e+00 
 2.29050057e+00  8.63591680e+00 
 2.26491151e+00  8.83487148e+00 
 2.23977117e+00  9.03611752e+00 
 2.21506478e+00  9.23964466e+00 
 2.19077803e+00  9.44544202e+00 
 2.16689699e+00  9.65349805e+00 
 2.14340818e+00  9.86380055e+00 
 2.12029848e+00  1.00763366e+01 
 2.09755514e+00  1.02910927e+01 
 2.07516579e+00  1.05080544e+01 
 2.05311839e+00  1.07272067e+01 
 2.03140124e+00  1.09485335e+01 
 2.01000299e+00  1.11720182e+01 
 1.98891258e+00  1.13976433e+01 
 1.96811928e+00  1.16253903e+01 
 1.94761269e+00  1.18552398e+01 
 1.92738267e+00  1.20871717e+01 
 1.90741944e+00  1.23211647e+01 
 1.88771346e+00  1.25571967e+01 
 1.86825555e+00  1.27952446e+01 
 1.84903678e+00  1.30352842e+01 
 1.83004854e+00  1.32772904e+01 
 1.81128254e+00  1.35212370e+01 
 1.79273076e+00  1.37670968e+01 
 1.77438549e+00  1.40148414e+01 
 1.75623935e+00  1.42644414e+01 
 1.73828523e+00  1.45158665e+01 
 1.72051636e+00  1.47690851e+01 
 1.70292627e+00  1.50240645e+01 
 1.68550879e+00  1.52807712e+01 
 1.66825810e+00  1.55391702e+01 
 1.65116864e+00  1.57992260e+01 
 1.63423522e+00  1.60609015e+01 
 1.61745293e+00  1.63241590e+01 
 1.60081719e+00  1.65889596e+01 
 1.58432371e+00  1.68552634e+01 
 1.56796854e+00  1.71230297e+01 
 1.55174800e+00  1.73922168e+01 
 1.53565875e+00  1.76627821e+01 
 1.51969771e+00  1.79346823e+01 
 1.50386210e+00  1.82078732e+01 
 1.48814942e+00  1.84823098e+01 
 1.47255746e+00  1.87579467e+01 
 1.45708425e+00  1.90347374e+01 
 1.44172808e+00  1.93126353e+01 
 1.42648748e+00  1.95915929e+01 
 1.41136123e+00  1.98715625e+01 
 1.39634830e+00  2.01524958e+01 
 1.38144789e+00  2.04343443e+01 
 1.36665939e+00  2.07170592e+01 
 1.35198235e+00  2.10005912e+01 
 1.33741652e+00  2.12848913e+01 
 1.32296177e+00  2.15699101e+01 
 1.30861812e+00  2.18555982e+01 
 1.29438573e+00  2.21419063e+01 
 1.28026485e+00  2.24287851e+01 
 1.26625583e+00  2.27161856e+01 
 1.25235911e+00  2.30040589e+01 
 1.23857520e+00  2.32923563e+01 
 1.22490467e+00  2.35810296e+01 
 1.21134812e+00  2.38700307e+01 
 1.19790619e+00  2.41593121e+01 
 1.18457957e+00  2.44488269e+01 
 1.17136892e+00  2.47385283e+01 
 1.15827493e+00  2.50283705e+01 
 1.14529828e+00  2.53183080e+01 
 1.13243962e+00  2.56082960e+01 
 1.11969959e+00  2.58982904e+01 
 1.10707880e+00  2.61882477e+01 
 1.09457782e+00  2.64781253e+01 
 1.08219718e+00  2.67678812e+01 
 1.06993735e+00  2.70574742e+01 
 1.05779877e+00  2.73468639e+01 
 1.04578181e+00  2.76360108e+01 
 1.03388679e+00  2.79248759e+01 
 1.02211396e+00  2.82134215e+01 
 1.01046350e+00  2.85016103e+01 
 9.98935555e-01  2.87894063e+01 
 9.87530171e-01  2.90767739e+01 
 9.76247347e-01  2.93636787e+01 
 9.65087010e-01  2.96500871e+01 
 9.54049020e-01  2.99359662e+01 
 9.43133174e-01  3.02212842e+01 
 9.32339201e-01  3.05060099e+01 
 9.21666770e-01  3.07901133e+01 
 9.11115486e-01  3.10735648e+01 
 9.00684893e-01  3.13563360e+01 
 8.90374478e-01  3.16383993e+01 
 8.80183671e-01  3.19197277e+01 
 8.70111846e-01  3.22002952e+01 
 8.60158328e-01  3.24800765e+01 
 8.50322390e-01  3.27590473e+01 
 8.40603258e-01  3.30371838e+01 
 8.31000114e-01  3.33144631e+01 
 8.21512096e-01  3.35908630e+01 
 8.12138306e-01  3.38663621e+01 
 8.02877804e-01  3.41409396e+01 
 7.93729620e-01  3.44145756e+01 
 7.84692747e-01  3.46872506e+01 
 7.75766153e-01  3.49589461e+01 
 7.66948775e-01  3.52296441e+01 
 7.58239527e-01  3.54993271e+01 
 7.49637302e-01  3.57679785e+01 
 7.41140968e-01  3.60355820e+01 
 7.32749380e-01  3.63021223e+01 
 7.24461373e-01  3.65675843e+01 
 7.16275771e-01  3.68319536e+01 
 7.08191383e-01  3.70952165e+01 
 7.00207011e-01  3.73573595e+01 
 6.92321447e-01  3.76183700e+01 
 6.84533475e-01  3.78782356e+01 
 6.76841877e-01  3.81369446e+01 
 6.69245428e-01  3.83944855e+01 
 6.61742905e-01  3.86508477e+01 
 6.54333081e-01  3.89060206e+01 
 6.47014731e-01  3.91599944e+01 
 6.39786631e-01  3.94127594e+01 
 6.32647562e-01  3.96643065e+01 
 6.25596307e-01  3.99146271e+01 
 6.18631655e-01  4.01637127e+01 
 6.11752402e-01  4.04115554e+01 
 6.04957348e-01  4.06581475e+01 
 5.98245305e-01  4.09034819e+01 
 5.91615089e-01  4.11475516e+01 
 5.85065529e-01  4.13903500e+01 
 5.78595461e-01  4.16318709e+01 
 5.72203733e-01  4.18721083e+01 
 5.65889204e-01  4.21110566e+01 
 5.59650743e-01  4.23487104e+01 
 5.53487231e-01  4.25850647e+01 
 5.47397563e-01  4.28201147e+01 
 5.41380645e-01  4.30538558e+01 
 5.35435395e-01  4.32862838e+01 
 5.29560747e-01  4.35173947e+01 
 5.23755646e-01  4.37471846e+01 
 5.18019051e-01  4.39756502e+01 
 5.12349935e-01  4.42027881e+01 
 5.06747284e-01  4.44285951e+01 
 5.01210099e-01  4.46530686e+01 
 4.95737396e-01  4.48762057e+01 
 4.90328202e-01  4.50980040e+01 
 4.84981561e-01  4.53184614e+01 
 4.79696530e-01  4.55375757e+01 
 4.74472179e-01  4.57553452e+01 
 4.69307595e-01  4.59717680e+01 
 4.64201878e-01  4.61868427e+01 
 4.59154139e-01  4.64005679e+01 
 4.54163508e-01  4.66129426e+01 
 4.49229126e-01  4.68239656e+01 
 4.44350147e-01  4.70336361e+01 
 gmid10          idw10          
 2.37418679e+01  4.03386416e-09 
 2.43674872e+01  5.13136247e-09 
 2.48826539e+01  6.56469723e-09 
 2.53051609e+01  8.43774920e-09 
 2.56513430e+01  1.08868476e-08 
 2.59355410e+01  1.40909970e-08 
 2.61699467e+01  1.82853555e-08 
 2.63646829e+01  2.37790036e-08 
 2.65280068e+01  3.09783824e-08 
 2.66665632e+01  4.04182218e-08 
 2.67856452e+01  5.28023709e-08 
 2.68894350e+01  6.90577248e-08 
 2.69812173e+01  9.04054766e-08 
 2.70635590e+01  1.18455301e-07 
 2.71384587e+01  1.55329904e-07 
 2.72074672e+01  2.03829786e-07 
 2.72717846e+01  2.67651298e-07 
 2.73323371e+01  3.51675343e-07 
 2.73898374e+01  4.62349729e-07 
 2.74448315e+01  6.08195780e-07 
 2.74977348e+01  8.00479775e-07 
 2.75488600e+01  1.05410318e-06 
 2.75984379e+01  1.38878330e-06 
 2.76466320e+01  1.83061960e-06 
 2.76935496e+01  2.41417214e-06 
 2.77392474e+01  3.18522019e-06 
 2.77837347e+01  4.20442418e-06 
 2.78269724e+01  5.55218728e-06 
 2.78688680e+01  7.33510941e-06 
 2.79092674e+01  9.69455449e-06 
 2.79479410e+01  1.28180192e-05 
 2.79845641e+01  1.69542126e-05 
 2.80186906e+01  2.24330409e-05 
 2.80497163e+01  2.96920648e-05 
 2.80768317e+01  3.93114660e-05 
 2.80989598e+01  5.20601552e-05 
 2.81146760e+01  6.89563783e-05 
 2.81221071e+01  9.13470369e-05 
 2.81188069e+01  1.21010892e-04 
 2.81016073e+01  1.60291776e-04 
 2.80664482e+01  2.12268707e-04 
 2.80081997e+01  2.80969996e-04 
 2.79204992e+01  3.71637503e-04 
 2.77956503e+01  4.91044224e-04 
 2.76246514e+01  6.47862330e-04 
 2.73974481e+01  8.53068569e-04 
 2.71035107e+01  1.12035926e-03 
 2.67328095e+01  1.46652959e-03 
 2.62771673e+01  1.91175578e-03 
 2.57318149e+01  2.47971232e-03 
 2.50967984e+01  3.19746675e-03 
 2.43777999e+01  4.09512791e-03 
 2.35860247e+01  5.20527100e-03 
 2.27370900e+01  6.56221125e-03 
 2.18491937e+01  8.20122588e-03 
 2.09410558e+01  1.01578233e-02 
 2.00301203e+01  1.24671317e-02 
 1.91313198e+01  1.51634418e-02 
 1.82564747e+01  1.82799042e-02 
 1.74142231e+01  2.18483597e-02 
 1.66103081e+01  2.58992716e-02 
 1.58480461e+01  3.04617277e-02 
 1.51288466e+01  3.55634870e-02 
 1.44527010e+01  4.12310503e-02 
 1.38186019e+01  4.74897412e-02 
 1.32248793e+01  5.43637891e-02 
 1.26694577e+01  6.18764090e-02 
 1.21500461e+01  7.00498749e-02 
 1.16642720e+01  7.89055870e-02 
 1.12097741e+01  8.84641312e-02 
 1.07842625e+01  9.87453316e-02 
 1.03855562e+01  1.09768298e-01 
 1.00116044e+01  1.21551465e-01 
 9.66049649e+00  1.34112631e-01 
 9.33046368e+00  1.47468990e-01 
 9.01987670e+00  1.61637158e-01 
 8.72723961e+00  1.76633200e-01 
 8.45118212e+00  1.92472657e-01 
 8.19045089e+00  2.09170558e-01 
 7.94390058e+00  2.26741449e-01 
 7.71048497e+00  2.45199403e-01 
 7.48924839e+00  2.64558041e-01 
 7.27931769e+00  2.84830543e-01 
 7.07989466e+00  3.06029663e-01 
 6.89024917e+00  3.28167745e-01 
 6.70971279e+00  3.51256728e-01 
 6.53767301e+00  3.75308167e-01 
 6.37356800e+00  4.00333232e-01 
 6.21688191e+00  4.26342729e-01 
 6.06714053e+00  4.53347103e-01 
 5.92390745e+00  4.81356448e-01 
 5.78678061e+00  5.10380519e-01 
 5.65538913e+00  5.40428736e-01 
 5.52939052e+00  5.71510193e-01 
 5.40846812e+00  6.03633670e-01 
 5.29232881e+00  6.36807634e-01 
 5.18070096e+00  6.71040250e-01 
 5.07333255e+00  7.06339386e-01 
 4.96998953e+00  7.42712621e-01 
 4.87045423e+00  7.80167250e-01 
 4.77452407e+00  8.18710292e-01 
 4.68201025e+00  8.58348494e-01 
 4.59273666e+00  8.99088338e-01 
 4.50653886e+00  9.40936045e-01 
 4.42326314e+00  9.83897582e-01 
 4.34276565e+00  1.02797867e+00 
 4.26491170e+00  1.07318478e+00 
 4.18957501e+00  1.11952114e+00 
 4.11663708e+00  1.16699276e+00 
 4.04598662e+00  1.21560440e+00 
 3.97751903e+00  1.26536062e+00 
 3.91113588e+00  1.31626573e+00 
 3.84674448e+00  1.36832383e+00 
 3.78425748e+00  1.42153883e+00 
 3.72359250e+00  1.47591441e+00 
 3.66467176e+00  1.53145404e+00 
 3.60742179e+00  1.58816099e+00 
 3.55177312e+00  1.64603836e+00 
 3.49766003e+00  1.70508902e+00 
 3.44502029e+00  1.76531566e+00 
 3.39379491e+00  1.82672079e+00 
 3.34392799e+00  1.88930672e+00 
 3.29536645e+00  1.95307558e+00 
 3.24805991e+00  2.01802933e+00 
 3.20196049e+00  2.08416974e+00 
 3.15702265e+00  2.15149842e+00 
 3.11320307e+00  2.22001678e+00 
 3.07046050e+00  2.28972607e+00 
 3.02875563e+00  2.36062738e+00 
 2.98805099e+00  2.43272161e+00 
 2.94831081e+00  2.50600952e+00 
 2.90950097e+00  2.58049168e+00 
 2.87158885e+00  2.65616849e+00 
 2.83454328e+00  2.73304021e+00 
 2.79833443e+00  2.81110690e+00 
 2.76293376e+00  2.89036849e+00 
 2.72831392e+00  2.97082473e+00 
 2.69444869e+00  3.05247518e+00 
 2.66131294e+00  3.13531926e+00 
 2.62888252e+00  3.21935621e+00 
 2.59713425e+00  3.30458510e+00 
 2.56604585e+00  3.39100483e+00 
 2.53559586e+00  3.47861412e+00 
 2.50576365e+00  3.56741151e+00 
 2.47652932e+00  3.65739535e+00 
 2.44787369e+00  3.74856380e+00 
 2.41977825e+00  3.84091485e+00 
 2.39222512e+00  3.93444627e+00 
 2.36519702e+00  4.02915563e+00 
 2.33867721e+00  4.12504029e+00 
 2.31264950e+00  4.22209740e+00 
 2.28709819e+00  4.32032385e+00 
 2.26200805e+00  4.41971635e+00 
 2.23736427e+00  4.52027130e+00 
 2.21315249e+00  4.62198490e+00 
 2.18935872e+00  4.72485304e+00 
 2.16596933e+00  4.82887135e+00 
 2.14297106e+00  4.93403518e+00 
 2.12035095e+00  5.04033954e+00 
 2.09809637e+00  5.14777913e+00 
 2.07619499e+00  5.25634834e+00 
 2.05463472e+00  5.36604116e+00 
 2.03340377e+00  5.47685124e+00 
 2.01249060e+00  5.58877184e+00 
 1.99188389e+00  5.70179580e+00 
 1.97157258e+00  5.81591555e+00 
 1.95154582e+00  5.93112304e+00 
 1.93179301e+00  6.04740980e+00 
 1.91230373e+00  6.16476685e+00 
 1.89306783e+00  6.28318469e+00 
 1.87407533e+00  6.40265332e+00 
 1.85531651e+00  6.52316217e+00 
 1.83678186e+00  6.64470012e+00 
 1.81846210e+00  6.76725546e+00 
 1.80034820e+00  6.89081586e+00 
 1.78243136e+00  7.01536840e+00 
 1.76470306e+00  7.14089948e+00 
 1.74715501e+00  7.26739489e+00 
 1.72977925e+00  7.39483971e+00 
 1.71256806e+00  7.52321839e+00 
 1.69551406e+00  7.65251465e+00 
 1.67861016e+00  7.78271154e+00 
 1.66184962e+00  7.91379142e+00 
 1.64522604e+00  8.04573594e+00 
 1.62873336e+00  8.17852604e+00 
 1.61236590e+00  8.31214201e+00 
 1.59611835e+00  8.44656341e+00 
 1.57998578e+00  8.58176916e+00 
 1.56396366e+00  8.71773752e+00 
 1.54804786e+00  8.85444609e+00 
 1.53223465e+00  8.99187188e+00 
 1.51652071e+00  9.12999128e+00 
 1.50090310e+00  9.26878015e+00 
 1.48537931e+00  9.40821378e+00 
 1.46994721e+00  9.54826699e+00 
 1.45460505e+00  9.68891413e+00 
 1.43935149e+00  9.83012911e+00 
 1.42418553e+00  9.97188547e+00 
 1.40910652e+00  1.01141564e+01 
 1.39411416e+00  1.02569149e+01 
 1.37920846e+00  1.04001335e+01 
 1.36438973e+00  1.05437847e+01 
 1.34965856e+00  1.06878409e+01 
 1.33501580e+00  1.08322741e+01 
 1.32046251e+00  1.09770567e+01 
 1.30599999e+00  1.11221607e+01 
 1.29162968e+00  1.12675583e+01 
 1.27735323e+00  1.14132217e+01 
 1.26317238e+00  1.15591234e+01 
 1.24908902e+00  1.17052359e+01 
 1.23510508e+00  1.18515320e+01 
 1.22122260e+00  1.19979847e+01 
 1.20744363e+00  1.21445674e+01 
 1.19377026e+00  1.22912536e+01 
 1.18020456e+00  1.24380174e+01 
 1.16674860e+00  1.25848332e+01 
 1.15340442e+00  1.27316758e+01 
 1.14017397e+00  1.28785205e+01 
 1.12705919e+00  1.30253429e+01 
 1.11406190e+00  1.31721193e+01 
 1.10118384e+00  1.33188263e+01 
 1.08842667e+00  1.34654413e+01 
 1.07579191e+00  1.36119419e+01 
 1.06328100e+00  1.37583065e+01 
 1.05089522e+00  1.39045139e+01 
 1.03863576e+00  1.40505435e+01 
 1.02650367e+00  1.41963752e+01 
 1.01449986e+00  1.43419897e+01 
 1.00262512e+00  1.44873680e+01 
 9.90880104e-01  1.46324917e+01 
 9.79265335e-01  1.47773430e+01 
 9.67781211e-01  1.49219048e+01 
 9.56427998e-01  1.50661603e+01 
 9.45205842e-01  1.52100935e+01 
 9.34114767e-01  1.53536886e+01 
 9.23154679e-01  1.54969307e+01 
 9.12325374e-01  1.56398051e+01 
 9.01626540e-01  1.57822979e+01 
 8.91057759e-01  1.59243955e+01 
 8.80618519e-01  1.60660848e+01 
 8.70308213e-01  1.62073532e+01 
 8.60126147e-01  1.63481886e+01 
 8.50071544e-01  1.64885795e+01 
 8.40143550e-01  1.66285144e+01 
 8.30341240e-01  1.67679827e+01 
 8.20663622e-01  1.69069740e+01 
 8.11109643e-01  1.70454782e+01 
 8.01678191e-01  1.71834859e+01 
 7.92368106e-01  1.73209877e+01 
 7.83178179e-01  1.74579750e+01 
 7.74107159e-01  1.75944391e+01 
 7.65153755e-01  1.77303719e+01 
 7.56316646e-01  1.78657657e+01 
 7.47594478e-01  1.80006130e+01 
 7.38985873e-01  1.81349066e+01 
 7.30489428e-01  1.82686396e+01 
 7.22103724e-01  1.84018054e+01 
 7.13827325e-01  1.85343978e+01 
 7.05658782e-01  1.86664106e+01 
 6.97596637e-01  1.87978382e+01 
 6.89639424e-01  1.89286750e+01 
 6.81785673e-01  1.90589157e+01 
 6.74033913e-01  1.91885553e+01 
 6.66382672e-01  1.93175889e+01 
 6.58830478e-01  1.94460119e+01 
 6.51375867e-01  1.95738199e+01 
 6.44017377e-01  1.97010088e+01 
 6.36753556e-01  1.98275745e+01 
 6.29582959e-01  1.99535131e+01 
 6.22504152e-01  2.00788211e+01 
 6.15515711e-01  2.02034950e+01 
 6.08616225e-01  2.03275314e+01 
 6.01804297e-01  2.04509273e+01 
 5.95078544e-01  2.05736796e+01 
 5.88437597e-01  2.06957855e+01 
 5.81880104e-01  2.08172423e+01 
 5.75404728e-01  2.09380474e+01 
 5.69010149e-01  2.10581985e+01 
 5.62695067e-01  2.11776932e+01 
 5.56458197e-01  2.12965295e+01 
 5.50298272e-01  2.14147052e+01 
 5.44214045e-01  2.15322184e+01 
 5.38204286e-01  2.16490673e+01 
 5.32267786e-01  2.17652502e+01 
 5.26403353e-01  2.18807656e+01 
 5.20609814e-01  2.19956119e+01 
 5.14886016e-01  2.21097878e+01 
 5.09230825e-01  2.22232919e+01 
 5.03643126e-01  2.23361231e+01 
 4.98121822e-01  2.24482803e+01 
 4.92665837e-01  2.25597623e+01 
 4.87274111e-01  2.26705684e+01 
 4.81945606e-01  2.27806977e+01 
 4.76679300e-01  2.28901493e+01 
 4.71474191e-01  2.29989227e+01 
 4.66329293e-01  2.31070171e+01 
 4.61243641e-01  2.32144321e+01 
 4.56216287e-01  2.33211672e+01 
 4.51246298e-01  2.34272219e+01 
 4.46332762e-01  2.35325960e+01 
 4.41474782e-01  2.36372892e+01 
